-0.1032,0.781,-0.6159,0.065773,-3,,,,,,
0.3832,0.6026,0.7,0.812521,,,,,,,
0.9179,-0.1638,-0.3615,0.364358,,,,,,,
0,0,0,1,,,,,,,
-0.8528,-0.4816,-0.2018,0.487971,-3,,,,,,
-0.3121,0.1603,0.9364,1.068089,,,,,,,
-0.4187,0.8616,-0.287,0.540807,,,,,,,
0,0,0,1,,,,,,,
-0.5495,0.4299,-0.7164,-0.01703,-3,,,,,,
-0.3783,0.6365,0.6721,0.668835,,,,,,,
0.7449,0.6403,-0.1871,0.204184,,,,,,,
0,0,0,1,,,,,,,
-0.5265,0.0013,0.8502,1.535504,-3,,,,,,
-0.3684,0.9008,-0.2296,0.368558,,,,,,,
-0.7662,-0.4341,-0.4738,-0.210758,,,,,,,
0,0,0,1,,,,,,,
0.743,0.5334,0.4043,1.258326,-3,,,,,,
0.4235,-0.8424,0.3331,0.224623,,,,,,,
0.5183,-0.0763,-0.8518,0.342002,,,,,,,
0,0,0,1,,,,,,,
-0.7054,0.6924,0.1515,1.126086,-3,,,,,,
0.0861,0.2959,-0.9513,-0.079111,,,,,,,
-0.7035,-0.658,-0.2683,0.13961,,,,,,,
0,0,0,1,,,,,,,
-0.9926,0.064,-0.1036,0.393911,-3,,,,,,
0.0331,0.9606,0.2761,0.606603,,,,,,,
0.1172,0.2706,-0.9555,-0.258631,,,,,,,
0,0,0,1,,,,,,,
-0.6923,-0.7207,0.0364,1.485211,-3,,,,,,
-0.7213,0.6925,-0.0059,0.301858,,,,,,,
-0.021,-0.0304,-0.9993,0.098431,,,,,,,
0,0,0,1,,,,,,,
-0.5668,-0.7639,0.3087,0.990764,-3,,,,,,
-0.3275,0.5527,0.7663,0.444795,,,,,,,
-0.756,0.3332,-0.5634,0.437266,,,,,,,
0,0,0,1,,,,,,,
0.37,0.9228,-0.1079,0.649773,-3,,,,,,
-0.0315,0.1285,0.9912,0.526904,,,,,,,
0.9285,-0.3633,0.0766,1.051955,,,,,,,
0,0,0,1,,,,,,,
-0.1818,0.2247,-0.9573,-0.155137,-3,,,,,,
0.2199,-0.9396,-0.2623,0.020729,,,,,,,
-0.9584,-0.2582,0.1214,0.838383,,,,,,,
0,0,0,1,,,,,,,
0.0887,-0.9067,0.4124,1.304177,-3,,,,,,
-0.3047,0.3695,0.8779,0.672849,,,,,,,
-0.9483,-0.2035,-0.2435,0.622008,,,,,,,
0,0,0,1,,,,,,,
-0.8207,0.5653,0.0832,0.637324,-3,,,,,,
0.4377,0.7155,-0.5445,-0.206409,,,,,,,
-0.3673,-0.4105,-0.8346,-0.191505,,,,,,,
0,0,0,1,,,,,,,
-0.7476,0.2552,-0.6132,0.8613,-3,,,,,,
0.2477,0.9638,0.099,0.378451,,,,,,,
0.6162,-0.0779,-0.7837,0.111274,,,,,,,
0,0,0,1,,,,,,,
0.6999,-0.4597,-0.5466,0.595344,1,-0.929824,-0.825868,0.953761,1.13446,-0.605212,0.517533
0.4675,-0.2838,0.8372,0.427321,,,,,,,
-0.54,-0.8415,0.0163,0.989844,,,,,,,
0,0,0,1,,,,,,,
-0.1455,-0.9721,-0.1837,0.57551,-3,,,,,,
-0.4692,-0.0957,0.8779,0.377745,,,,,,,
-0.871,0.2139,-0.4422,0.392134,,,,,,,
0,0,0,1,,,,,,,
0.6759,-0.658,-0.3319,0.446543,-3,,,,,,
-0.7343,-0.6395,-0.2277,0.221242,,,,,,,
-0.0624,0.3976,-0.9154,-0.34357,,,,,,,
0,0,0,1,,,,,,,
0.0683,0.3247,-0.9434,-0.124497,-3,,,,,,
-0.862,-0.4568,-0.2196,0.178618,,,,,,,
-0.5022,0.8282,0.2487,0.873886,,,,,,,
0,0,0,1,,,,,,,
-0.7543,0.5092,-0.4144,0.744636,-3,,,,,,
-0.088,0.5471,0.8324,1.159885,,,,,,,
0.6506,0.6644,-0.3679,0.172371,,,,,,,
0,0,0,1,,,,,,,
-0.6863,-0.6986,0.2025,0.431959,-3,,,,,,
-0.011,0.2884,0.9574,0.79374,,,,,,,
-0.7273,0.6548,-0.2056,0.631836,,,,,,,
0,0,0,1,,,,,,,
0.9637,-0.1372,-0.229,0.666063,-3,,,,,,
0.054,-0.74,0.6705,0.283508,,,,,,,
-0.2614,-0.6585,-0.7057,0.368925,,,,,,,
0,0,0,1,,,,,,,
-0.0405,0.9808,-0.1908,0.411692,-3,,,,,,
0.9545,0.0944,0.2828,0.157604,,,,,,,
0.2953,-0.1707,-0.94,0.110766,,,,,,,
0,0,0,1,,,,,,,
0.7069,0.4849,-0.515,0.269924,1,-0.788081,-0.0666615,0.236971,0.781702,0.333789,1.41496
0.1258,0.6303,0.7661,0.381169,,,,,,,
0.6961,-0.6063,0.3845,1.229328,,,,,,,
0,0,0,1,,,,,,,
-0.5479,0.1577,0.8216,1.575299,-3,,,,,,
-0.0617,0.9718,-0.2278,0.327047,,,,,,,
-0.8343,-0.1755,-0.5226,0.315799,,,,,,,
0,0,0,1,,,,,,,
0.0054,0.6164,-0.7874,0.482241,-3,,,,,,
0.0877,0.7841,0.6144,1.090724,,,,,,,
0.9961,-0.0724,-0.0499,0.539457,,,,,,,
0,0,0,1,,,,,,,
-0.388,-0.9093,-0.1505,0.42975,-3,,,,,,
-0.4339,0.0362,0.9002,1.076854,,,,,,,
-0.8131,0.4146,-0.4086,0.272937,,,,,,,
0,0,0,1,,,,,,,
-0.3538,-0.9232,0.1501,0.675023,-3,,,,,,
0.4559,-0.0301,0.8895,0.9894,,,,,,,
-0.8167,0.3831,0.4315,1.038004,,,,,,,
0,0,0,1,,,,,,,
0.2697,-0.4219,-0.8656,0.001963,-3,,,,,,
0.9337,-0.1053,0.3422,0.46741,,,,,,,
-0.2355,-0.9005,0.3655,0.97067,,,,,,,
0,0,0,1,,,,,,,
-0.022,-0.8529,-0.5217,-0.100453,-3,,,,,,
-0.0983,-0.5174,0.8501,0.441423,,,,,,,
-0.9949,0.07,-0.0725,0.431713,,,,,,,
0,0,0,1,,,,,,,
-0.0788,0.9782,0.1921,0.982615,-3,,,,,,
0.9756,0.036,0.2165,0.354148,,,,,,,
0.2048,0.2045,-0.9572,0.205991,,,,,,,
0,0,0,1,,,,,,,
0.3895,0.2359,-0.8903,0.158992,1,-0.433119,-0.0758193,0.0334957,0.323068,0.497082,1.30393
-0.071,0.9715,0.2263,0.556757,,,,,,,
0.9183,-0.025,0.3951,1.00438,,,,,,,
0,0,0,1,,,,,,,
-0.874,-0.4637,0.1452,1.503348,-3,,,,,,
-0.4836,0.8594,-0.1662,0.203956,,,,,,,
-0.0478,-0.2155,-0.9753,0.035397,,,,,,,
0,0,0,1,,,,,,,
0.1039,0.9927,0.062,0.600549,-3,,,,,,
0.3413,-0.0942,0.9352,0.558134,,,,,,,
0.9342,-0.076,-0.3486,0.300052,,,,,,,
0,0,0,1,,,,,,,
-0.7134,-0.4863,-0.5045,0.248574,-3,,,,,,
-0.6958,0.4066,0.592,0.512703,,,,,,,
-0.0827,0.7734,-0.6285,0.210758,,,,,,,
0,0,0,1,,,,,,,
0.8035,0.5212,0.2875,1.609378,-3,,,,,,
0.5001,-0.8531,0.1488,0.214436,,,,,,,
0.3228,0.0242,-0.9462,0.063623,,,,,,,
0,0,0,1,,,,,,,
0.6312,-0.682,-0.3694,0.138485,-3,,,,,,
0.0028,-0.4742,0.8804,0.737386,,,,,,,
-0.7756,-0.5567,-0.2974,0.052279,,,,,,,
0,0,0,1,,,,,,,
0.8859,-0.4531,-0.0991,1.521049,-3,,,,,,
-0.3693,-0.56,-0.7416,-0.185087,,,,,,,
0.2805,0.6936,-0.6635,0.039513,,,,,,,
0,0,0,1,,,,,,,
-0.7898,0.3987,0.4662,0.890844,-3,,,,,,
0.3661,0.9161,-0.1634,0.365539,,,,,,,
-0.4922,0.0416,-0.8695,-0.27026,,,,,,,
0,0,0,1,,,,,,,
0.8578,0.186,-0.4791,0.680423,-3,,,,,,
0.4634,-0.683,0.5646,1.027857,,,,,,,
-0.2222,-0.7064,-0.6721,0.183979,,,,,,,
0,0,0,1,,,,,,,
-0.6766,-0.58,0.4538,1.142515,-3,,,,,,
-0.3804,0.8029,0.459,0.727373,,,,,,,
-0.6305,0.1379,-0.7638,-0.138886,,,,,,,
0,0,0,1,,,,,,,
0.9718,0.0752,-0.2236,0.500355,-3,,,,,,
0.2158,0.1002,0.9713,0.814355,,,,,,,
0.0955,-0.9921,0.0811,0.983418,,,,,,,
0,0,0,1,,,,,,,
-0.4763,-0.3851,0.7905,1.513005,-3,,,,,,
-0.8445,0.4507,-0.2893,0.022251,,,,,,,
-0.2448,-0.8053,-0.5399,0.606203,,,,,,,
0,0,0,1,,,,,,,
-0.0614,0.1432,-0.9878,0.061702,-3,,,,,,
-0.9818,-0.1867,0.034,0.145378,,,,,,,
-0.1796,0.9719,0.1521,0.986021,,,,,,,
0,0,0,1,,,,,,,
0.2508,0.6149,0.7476,1.233721,-3,,,,,,
0.3632,-0.7757,0.5162,0.675826,,,,,,,
0.8973,0.1421,-0.4179,0.300785,,,,,,,
0,0,0,1,,,,,,,
0.0037,-0.9984,-0.0572,0.746043,-3,,,,,,
0.408,-0.0507,0.9116,0.39743,,,,,,,
-0.913,-0.0267,0.4071,1.269876,,,,,,,
0,0,0,1,,,,,,,
-0.7737,-0.1202,0.6221,1.106477,-3,,,,,,
0.1326,0.9294,0.3445,0.726951,,,,,,,
-0.6195,0.349,-0.7031,-0.264798,,,,,,,
0,0,0,1,,,,,,,
0.9279,-0.3666,-0.0676,0.971146,-3,,,,,,
-0.349,-0.7904,-0.5035,0.142499,,,,,,,
0.1311,0.4907,-0.8614,-0.310702,,,,,,,
0,0,0,1,,,,,,,
-0.1775,0.6302,-0.7559,0.296912,-3,,,,,,
0.8913,0.4285,0.148,0.76129,,,,,,,
0.4172,-0.6474,-0.6378,0.15468,,,,,,,
0,0,0,1,,,,,,,
-0.132,0.0793,-0.9881,0.276318,-3,,,,,,
-0.99,0.0391,0.1354,0.26988,,,,,,,
0.0494,0.9961,0.0734,1.119484,,,,,,,
0,0,0,1,,,,,,,
0.9602,0.2208,0.1713,1.040905,-3,,,,,,
0.1556,-0.9315,0.3287,0.623073,,,,,,,
0.2321,-0.289,-0.9288,0.0299,,,,,,,
0,0,0,1,,,,,,,
-0.9153,0.4,0.0474,0.982836,-3,,,,,,
0.2386,0.4436,0.8639,1.181554,,,,,,,
0.3245,0.802,-0.5014,0.062571,,,,,,,
0,0,0,1,,,,,,,
-0.8835,-0.3659,-0.2925,1.087666,-3,,,,,,
-0.2688,0.9074,-0.3232,0.235401,,,,,,,
0.3837,-0.2069,-0.9,-0.322937,,,,,,,
0,0,0,1,,,,,,,
-0.0283,-0.7565,-0.6534,1.029221,-3,,,,,,
-0.9504,-0.1823,0.2522,0.328778,,,,,,,
-0.3099,0.6281,-0.7138,0.033295,,,,,,,
0,0,0,1,,,,,,,
0.7451,-0.084,0.6617,1.292539,-3,,,,,,
0.3487,-0.7966,-0.4938,0.288538,,,,,,,
0.5686,0.5986,-0.5643,0.052109,,,,,,,
0,0,0,1,,,,,,,
-0.6757,-0.1362,0.7245,1.517171,-3,,,,,,
-0.3204,0.9394,-0.1222,-0.036199,,,,,,,
-0.6639,-0.3147,-0.6784,0.445945,,,,,,,
0,0,0,1,,,,,,,
0.8003,0.4107,-0.4368,0.091647,-3,,,,,,
0.5995,-0.5351,0.5952,0.456143,,,,,,,
0.0107,-0.7382,-0.6745,-0.011915,,,,,,,
0,0,0,1,,,,,,,
-0.2925,-0.939,0.1811,0.752721,-3,,,,,,
-0.7955,0.344,0.4988,0.306206,,,,,,,
-0.5306,0.0018,-0.8476,0.166947,,,,,,,
0,0,0,1,,,,,,,
0.1903,-0.9263,-0.3252,1.298902,-3,,,,,,
-0.8457,-0.3229,0.4248,0.732186,,,,,,,
-0.4986,0.1942,-0.8448,0.078755,,,,,,,
0,0,0,1,,,,,,,
0.2375,-0.8605,-0.4507,0.261345,-3,,,,,,
0.9686,0.245,0.0428,0.14134,,,,,,,
0.0736,-0.4467,0.8917,1.401081,,,,,,,
0,0,0,1,,,,,,,
-0.5525,-0.7253,-0.4107,1.160447,-3,,,,,,
-0.8332,0.4944,0.2477,0.369285,,,,,,,
0.0234,0.4791,-0.8774,0.134522,,,,,,,
0,0,0,1,,,,,,,
-0.4228,-0.8928,-0.1554,0.331247,-3,,,,,,
-0.8302,0.3129,0.4614,0.71291,,,,,,,
-0.3633,0.3241,-0.8735,-0.224935,,,,,,,
0,0,0,1,,,,,,,
-0.1068,-0.8981,0.4266,1.077196,-3,,,,,,
-0.9508,0.2177,0.2202,0.673476,,,,,,,
-0.2907,-0.3821,-0.8772,0.070764,,,,,,,
0,0,0,1,,,,,,,
0.4328,-0.121,-0.8934,-0.072385,-3,,,,,,
0.8929,0.1944,0.4062,0.58186,,,,,,,
0.1245,-0.9734,0.1922,0.782641,,,,,,,
0,0,0,1,,,,,,,
0.6524,0.3752,-0.6585,0.44691,-3,,,,,,
0.4235,-0.901,-0.0937,0.091145,,,,,,,
-0.6285,-0.2177,-0.7467,0.52559,,,,,,,
0,0,0,1,,,,,,,
-0.1353,-0.0254,-0.9905,-0.003081,-3,,,,,,
-0.9259,0.3591,0.1173,0.320952,,,,,,,
0.3527,0.933,-0.0721,0.664632,,,,,,,
0,0,0,1,,,,,,,
-0.4676,-0.8824,-0.0518,0.468257,-3,,,,,,
-0.8837,0.4681,0.0035,0.235688,,,,,,,
0.0211,0.0474,-0.9987,-0.234634,,,,,,,
0,0,0,1,,,,,,,
-0.4321,-0.8132,-0.3898,0.896009,-3,,,,,,
-0.6004,-0.0632,0.7972,0.997043,,,,,,,
-0.673,0.5785,-0.4609,0.428866,,,,,,,
0,0,0,1,,,,,,,
-0.3306,0.928,0.1721,0.798587,-3,,,,,,
0.7434,0.1437,0.6533,0.980086,,,,,,,
0.5815,0.3439,-0.7373,0.168048,,,,,,,
0,0,0,1,,,,,,,
0.1852,0.4363,-0.8805,-0.190721,-3,,,,,,
-0.1769,0.8962,0.4068,0.468915,,,,,,,
0.9666,0.0804,0.2432,0.457542,,,,,,,
0,0,0,1,,,,,,,
-0.8357,0.5332,0.1314,0.571742,-3,,,,,,
0.4108,0.4483,0.7939,0.631326,,,,,,,
0.3644,0.7175,-0.5937,-0.048852,,,,,,,
0,0,0,1,,,,,,,
0.4626,0.8484,0.2572,0.755621,-3,,,,,,
-0.4406,-0.0317,0.8971,1.180939,,,,,,,
0.7693,-0.5283,0.3591,0.540432,,,,,,,
0,0,0,1,,,,,,,
0.0426,0.9598,0.2776,1.463148,-3,,,,,,
0.8723,0.0998,-0.4788,-0.129103,,,,,,,
-0.4872,0.2625,-0.8329,0.241075,,,,,,,
0,0,0,1,,,,,,,
-0.4869,0.8151,-0.314,0.425089,-3,,,,,,
0.3998,0.5276,0.7496,0.841097,,,,,,,
0.7766,0.2394,-0.5827,0.221491,,,,,,,
0,0,0,1,,,,,,,
-0.2919,-0.9552,-0.0484,0.830411,-3,,,,,,
-0.6068,0.1458,0.7814,0.478581,,,,,,,
-0.7393,0.2575,-0.6222,0.557263,,,,,,,
0,0,0,1,,,,,,,
-0.4668,0.5452,-0.6964,0.503945,-3,,,,,,
-0.5205,0.4673,0.7147,0.516666,,,,,,,
0.715,0.696,0.0656,1.045507,,,,,,,
0,0,0,1,,,,,,,
0.7796,-0.5943,0.1976,0.788807,-3,,,,,,
-0.1478,-0.4811,-0.8641,-0.136292,,,,,,,
0.6086,0.6445,-0.4629,0.006353,,,,,,,
0,0,0,1,,,,,,,
-0.1796,-0.7064,0.6846,1.060876,-3,,,,,,
-0.9824,0.0926,-0.1621,0.189741,,,,,,,
0.0511,-0.7017,-0.7106,-0.151076,,,,,,,
0,0,0,1,,,,,,,
-0.9171,0.3881,-0.0917,0.146158,-3,,,,,,
-0.0737,0.061,0.9954,0.785404,,,,,,,
0.3919,0.9196,-0.0273,0.41779,,,,,,,
0,0,0,1,,,,,,,
0.3255,-0.6484,-0.6882,0.507968,1,-0.903657,-0.851975,1.0346,1.09331,-0.680678,0.0367642
0.6182,-0.4048,0.6738,0.355857,,,,,,,
-0.7155,-0.6447,0.2691,1.017044,,,,,,,
0,0,0,1,,,,,,,
0.6949,-0.5221,0.4945,0.638664,-3,,,,,,
-0.7188,-0.5257,0.455,0.494817,,,,,,,
0.0223,-0.6716,-0.7406,-0.066991,,,,,,,
0,0,0,1,,,,,,,
0.6575,0.6134,0.4375,1.19921,-3,,,,,,
0.7392,-0.6376,-0.2168,0.364879,,,,,,,
0.146,0.466,-0.8727,-0.179803,,,,,,,
0,0,0,1,,,,,,,
-0.3959,0.2615,0.8803,1.099423,-3,,,,,,
0.8821,0.3748,0.2854,0.299186,,,,,,,
-0.2553,0.8895,-0.379,0.063477,,,,,,,
0,0,0,1,,,,,,,
0.4752,0.6796,-0.5588,1.218043,-3,,,,,,
0.4345,-0.7335,-0.5226,-0.163716,,,,,,,
-0.7651,0.0056,-0.6439,-0.201405,,,,,,,
0,0,0,1,,,,,,,
-0.602,0.4562,-0.6554,0.701277,-3,,,,,,
-0.732,0.0126,0.6812,0.293709,,,,,,,
0.319,0.8898,0.3263,1.195404,,,,,,,
0,0,0,1,,,,,,,
-0.8974,0.0434,-0.439,0.422464,-3,,,,,,
-0.398,-0.5088,0.7633,0.899388,,,,,,,
-0.1902,0.8598,0.4739,1.087569,,,,,,,
0,0,0,1,,,,,,,
-0.4638,-0.815,-0.3473,0.742898,-3,,,,,,
-0.6434,0.0404,0.7645,0.846015,,,,,,,
-0.609,0.578,-0.5431,0.511356,,,,,,,
0,0,0,1,,,,,,,
-0.9749,-0.0934,-0.2023,0.859311,-3,,,,,,
-0.1713,0.8949,0.4121,0.795151,,,,,,,
0.1425,0.4364,-0.8884,-0.356378,,,,,,,
0,0,0,1,,,,,,,
0.583,-0.3245,0.7448,1.455203,-3,,,,,,
-0.1654,-0.945,-0.2823,0.002535,,,,,,,
0.7954,0.0414,-0.6046,0.441314,,,,,,,
0,0,0,1,,,,,,,
-0.7402,-0.6692,-0.0656,1.582788,-3,,,,,,
-0.6678,0.7203,0.1878,0.124938,,,,,,,
-0.0784,0.1828,-0.98,-0.034547,,,,,,,
0,0,0,1,,,,,,,
-0.524,0.6479,-0.5529,0.623605,-3,,,,,,
-0.5862,0.1966,0.7859,1.18226,,,,,,,
0.6179,0.7359,0.2768,0.531383,,,,,,,
0,0,0,1,,,,,,,
-0.4528,0.8915,0.0119,0.870113,-3,,,,,,
0.8794,0.4488,-0.1589,0.423023,,,,,,,
-0.147,-0.0615,-0.9872,0.051324,,,,,,,
0,0,0,1,,,,,,,
-0.2125,0.1733,-0.9617,-0.091521,-3,,,,,,
0.5917,0.8061,0.0145,0.335997,,,,,,,
0.7777,-0.5659,-0.2738,0.251599,,,,,,,
0,0,0,1,,,,,,,
0.3978,-0.9171,-0.0251,0.984106,-3,,,,,,
-0.8353,-0.3507,-0.4235,0.328858,,,,,,,
0.3796,0.1894,-0.9056,-0.251169,,,,,,,
0,0,0,1,,,,,,,
-0.2911,-0.2412,-0.9258,-0.207453,-3,,,,,,
0.5602,0.7415,-0.3693,0.057918,,,,,,,
0.7755,-0.6262,-0.0808,0.484976,,,,,,,
0,0,0,1,,,,,,,
-0.5932,0.017,-0.8049,0.495299,-3,,,,,,
0.0427,0.999,-0.0104,0.138523,,,,,,,
0.8039,-0.0405,-0.5934,0.447346,,,,,,,
0,0,0,1,,,,,,,
-0.4283,0.5459,-0.7201,0.430696,-3,,,,,,
-0.4677,0.5479,0.6936,0.972805,,,,,,,
0.7731,0.6339,0.0207,0.81816,,,,,,,
0,0,0,1,,,,,,,
-0.5863,-0.228,-0.7773,0.244595,-3,,,,,,
-0.6158,-0.4979,0.6106,0.832003,,,,,,,
-0.5262,0.8367,0.1515,0.820631,,,,,,,
0,0,0,1,,,,,,,
0.6133,-0.7079,0.3503,1.178963,-3,,,,,,
-0.4986,-0.0031,0.8668,0.487041,,,,,,,
-0.6126,-0.7063,-0.3549,0.580128,,,,,,,
0,0,0,1,,,,,,,
-0.4448,0.0484,-0.8943,-0.017255,-3,,,,,,
0.0994,0.995,0.0044,0.124829,,,,,,,
0.8901,-0.087,-0.4474,0.657209,,,,,,,
0,0,0,1,,,,,,,
-0.5044,0.1718,-0.8462,0.471166,-3,,,,,,
-0.7726,0.3478,0.5311,0.45311,,,,,,,
0.3856,0.9217,-0.0426,0.781132,,,,,,,
0,0,0,1,,,,,,,
0.9681,-0.1482,0.2023,0.713172,-3,,,,,,
-0.2466,-0.4161,0.8753,0.677163,,,,,,,
-0.0455,-0.8972,-0.4393,0.590747,,,,,,,
0,0,0,1,,,,,,,
-0.9594,0.1681,-0.2267,1.11804,-3,,,,,,
0.0964,0.9501,0.2966,0.814013,,,,,,,
0.2652,0.2627,-0.9277,-0.323856,,,,,,,
0,0,0,1,,,,,,,
0.9679,0.0703,0.2413,1.364379,-3,,,,,,
-0.1927,-0.4087,0.8921,0.521865,,,,,,,
0.1614,-0.9099,-0.3821,0.684443,,,,,,,
0,0,0,1,,,,,,,
0.8993,0.4218,-0.1158,0.779588,-3,,,,,,
0.4009,-0.9006,-0.1678,0.560493,,,,,,,
-0.175,0.1045,-0.979,-0.167671,,,,,,,
0,0,0,1,,,,,,,
-0.4217,-0.324,-0.8469,0.632172,-3,,,,,,
0.8107,-0.5531,-0.1921,-0.072674,,,,,,,
-0.4062,-0.7676,0.4958,1.353152,,,,,,,
0,0,0,1,,,,,,,
-0.924,0.2979,0.2398,0.813859,-3,,,,,,
0.3397,0.3512,0.8725,0.854333,,,,,,,
0.1757,0.8876,-0.4257,0.369245,,,,,,,
0,0,0,1,,,,,,,
0.895,-0.4258,0.1328,1.515921,-3,,,,,,
-0.1332,-0.5394,-0.8315,-0.226093,,,,,,,
0.4256,0.7265,-0.5395,-0.220213,,,,,,,
0,0,0,1,,,,,,,
-0.5346,0.4964,-0.6839,0.706174,-3,,,,,,
-0.4393,0.5281,0.7267,0.623016,,,,,,,
0.7219,0.689,-0.0643,0.838942,,,,,,,
0,0,0,1,,,,,,,
-0.6436,0.7652,-0.0164,0.455376,-3,,,,,,
0.0596,0.0714,0.9957,1.110761,,,,,,,
0.763,0.6399,-0.0916,0.418892,,,,,,,
0,0,0,1,,,,,,,
-0.0035,0.611,-0.7916,0.363209,-3,,,,,,
-0.9977,-0.0561,-0.0388,-0.213898,,,,,,,
-0.0681,0.7897,0.6098,1.406964,,,,,,,
0,0,0,1,,,,,,,
0.7891,-0.5821,0.1961,1.062744,-3,,,,,,
-0.1475,0.1303,0.9804,0.425256,,,,,,,
-0.5963,-0.8026,0.017,1.011426,,,,,,,
0,0,0,1,,,,,,,
0.5299,0.7995,-0.2827,0.770108,-3,,,,,,
-0.249,0.4654,0.8493,0.520094,,,,,,,
0.8107,-0.3796,0.4457,1.051416,,,,,,,
0,0,0,1,,,,,,,
0.0738,0.9805,0.182,1.000875,-3,,,,,,
-0.4212,-0.1348,0.8969,0.43744,,,,,,,
0.9039,-0.1429,0.4031,1.053113,,,,,,,
0,0,0,1,,,,,,,
-0.6377,-0.6553,0.4048,0.699443,-3,,,,,,
-0.7609,0.454,-0.4637,0.098081,,,,,,,
0.1201,-0.6037,-0.7881,-0.172911,,,,,,,
0,0,0,1,,,,,,,
0.5538,0.6442,-0.5276,0.2535,-3,,,,,,
0.7432,-0.0968,0.662,0.964996,,,,,,,
0.3753,-0.7587,-0.5324,0.142685,,,,,,,
0,0,0,1,,,,,,,
0.1445,0.5491,-0.8232,-0.136413,-3,,,,,,
0.8139,-0.5391,-0.2167,0.080839,,,,,,,
-0.5628,-0.6386,-0.5248,0.275958,,,,,,,
0,0,0,1,,,,,,,
0.6649,-0.7,-0.2606,1.522422,-3,,,,,,
-0.7432,-0.6549,-0.1371,0.179601,,,,,,,
-0.0747,0.2848,-0.9557,-0.240235,,,,,,,
0,0,0,1,,,,,,,
0.5255,0.8389,-0.1416,0.382584,-3,,,,,,
0.4092,-0.1033,0.9066,0.796987,,,,,,,
0.7459,-0.5344,-0.3976,0.298503,,,,,,,
0,0,0,1,,,,,,,
0.9212,0.0632,-0.3839,0.57876,1,-0.871167,-0.75981,0.699738,1.13446,-0.124458,0.980423
0.3685,0.1745,0.9131,0.386825,,,,,,,
0.1247,-0.9826,0.1375,0.977906,,,,,,,
0,0,0,1,,,,,,,
0.2498,-0.0579,-0.9666,-0.196044,-3,,,,,,
-0.9034,-0.3733,-0.2111,0.270433,,,,,,,
-0.3486,0.9259,-0.1455,0.329805,,,,,,,
0,0,0,1,,,,,,,
0.5968,0.5982,0.5347,1.071838,-3,,,,,,
0.1101,-0.7212,0.6839,0.657657,,,,,,,
0.7948,-0.3493,-0.4963,0.525559,,,,,,,
0,0,0,1,,,,,,,
-0.8213,-0.5371,-0.1922,1.50863,-3,,,,,,
-0.2067,0.5942,-0.7773,-0.268549,,,,,,,
0.5317,-0.5987,-0.5991,0.060901,,,,,,,
0,0,0,1,,,,,,,
-0.7735,-0.5925,-0.225,0.526257,-3,,,,,,
-0.1849,-0.1286,0.9743,0.58644,,,,,,,
-0.6062,0.7952,-0.0101,0.712012,,,,,,,
0,0,0,1,,,,,,,
-0.781,0.5331,-0.3254,0.400245,-3,,,,,,
-0.342,0.0709,0.937,0.445606,,,,,,,
0.5226,0.8431,0.1269,1.049575,,,,,,,
0,0,0,1,,,,,,,
0.482,-0.2968,0.8243,1.487101,-3,,,,,,
-0.0814,-0.952,-0.2952,0.19319,,,,,,,
0.8724,0.0751,-0.4831,0.429836,,,,,,,
0,0,0,1,,,,,,,
0.005,-0.3706,-0.9288,-0.224424,-3,,,,,,
-0.9493,-0.2936,0.112,0.088431,,,,,,,
-0.3142,0.8812,-0.3532,0.188792,,,,,,,
0,0,0,1,,,,,,,
0.3547,0.8138,0.4603,0.747943,-3,,,,,,
-0.0693,-0.4681,0.881,0.961343,,,,,,,
0.9324,-0.3444,-0.1096,0.500714,,,,,,,
0,0,0,1,,,,,,,
-0.2859,-0.7352,-0.6146,0.156863,-3,,,,,,
0.4831,-0.6645,0.5701,0.699546,,,,,,,
-0.8275,-0.1339,0.5452,1.060517,,,,,,,
0,0,0,1,,,,,,,
0.5618,0.8191,0.1161,0.377806,-3,,,,,,
-0.1269,-0.0533,0.9905,0.884346,,,,,,,
0.8175,-0.5712,0.074,0.573614,,,,,,,
0,0,0,1,,,,,,,
0.4065,-0.5134,0.7558,1.144227,-3,,,,,,
-0.8879,-0.0269,0.4593,0.626711,,,,,,,
-0.2155,-0.8578,-0.4667,0.049451,,,,,,,
0,0,0,1,,,,,,,
-0.397,-0.3386,0.8531,1.407623,-3,,,,,,
-0.3672,0.9104,0.1905,0.617482,,,,,,,
-0.8412,-0.2376,-0.4857,0.212935,,,,,,,
0,0,0,1,,,,,,,
-0.6878,-0.1081,0.7178,1.124938,-3,,,,,,
0.6502,0.3479,0.6754,1.066544,,,,,,,
-0.3227,0.9313,-0.169,0.149803,,,,,,,
0,0,0,1,,,,,,,
-0.7385,0.6232,0.2575,0.662489,-3,,,,,,
0.297,-0.0422,0.954,1.09265,,,,,,,
0.6054,0.7809,-0.1539,0.535632,,,,,,,
0,0,0,1,,,,,,,
-0.4718,0.6914,-0.5471,0.778887,-3,,,,,,
-0.7697,-0.0203,0.6381,0.431462,,,,,,,
0.4301,0.7222,0.5418,1.221162,,,,,,,
0,0,0,1,,,,,,,
-0.0612,0.9837,-0.1692,1.097732,-3,,,,,,
0.694,0.1638,0.7011,0.976682,,,,,,,
0.7173,-0.0745,-0.6927,0.328354,,,,,,,
0,0,0,1,,,,,,,
0.6069,-0.1878,-0.7723,0.232086,-3,,,,,,
-0.1283,-0.9821,0.138,0.580311,,,,,,,
-0.7843,0.0154,-0.6201,0.244433,,,,,,,
0,0,0,1,,,,,,,
0.1118,-0.6244,-0.7731,0.12338,-3,,,,,,
-0.2978,-0.7632,0.5734,0.375381,,,,,,,
-0.948,0.1661,-0.2713,0.760815,,,,,,,
0,0,0,1,,,,,,,
0.1683,-0.533,-0.8292,0.281721,-3,,,,,,
-0.9696,-0.2413,-0.0417,-0.001212,,,,,,,
-0.1779,0.811,-0.5573,0.580465,,,,,,,
0,0,0,1,,,,,,,
-0.3158,-0.3316,-0.889,0.200617,-3,,,,,,
0.2132,-0.9378,0.2741,0.466107,,,,,,,
-0.9245,-0.1029,0.3669,1.079827,,,,,,,
0,0,0,1,,,,,,,
-0.9995,-0.012,0.0281,0.601829,-3,,,,,,
0.0187,0.4868,0.8733,0.557792,,,,,,,
-0.0241,0.8734,-0.4863,0.338148,,,,,,,
0,0,0,1,,,,,,,
-0.9931,0.0487,-0.1067,1.485751,-3,,,,,,
0.116,0.5411,-0.8329,-0.308217,,,,,,,
0.0171,-0.8395,-0.543,-0.167093,,,,,,,
0,0,0,1,,,,,,,
-0.1271,-0.9913,0.0336,0.539216,-3,,,,,,
0.8595,-0.0932,0.5025,0.257703,,,,,,,
-0.495,0.0927,0.8639,1.445349,,,,,,,
0,0,0,1,,,,,,,
-0.16,0.8387,0.5206,0.868446,-3,,,,,,
0.9141,-0.0732,0.3987,0.246727,,,,,,,
0.3725,0.5397,-0.755,-0.031355,,,,,,,
0,0,0,1,,,,,,,
0.8236,0.4945,0.2778,1.294262,-3,,,,,,
0.2275,-0.7367,0.6368,0.477244,,,,,,,
0.5196,-0.4612,-0.7193,0.442713,,,,,,,
0,0,0,1,,,,,,,
0.2325,0.5009,-0.8337,-0.172637,1,0.824029,0.37978,-0.698132,-0.610865,1.07088,0.402778
-0.7308,-0.4757,-0.4896,-0.041901,,,,,,,
-0.6418,0.7231,0.2555,0.691643,,,,,,,
0,0,0,1,,,,,,,
0.7085,0.2372,0.6646,1.065873,-3,,,,,,
-0.0296,-0.931,0.3638,0.583296,,,,,,,
0.7051,-0.2774,-0.6526,-0.022313,,,,,,,
0,0,0,1,,,,,,,
-0.1674,0.1993,-0.9655,-0.129674,-3,,,,,,
0.8496,0.5259,-0.0387,0.420517,,,,,,,
0.5001,-0.8268,-0.2574,0.191712,,,,,,,
0,0,0,1,,,,,,,
-0.1857,0.0223,-0.9823,0.115997,-3,,,,,,
-0.7284,0.6678,0.1529,0.233579,,,,,,,
0.6594,0.744,-0.1078,0.625248,,,,,,,
0,0,0,1,,,,,,,
0.5429,0.6541,-0.5266,0.118838,1,-0.328264,-0.259618,-0.0371715,1.13446,0.329488,1.24767
-0.153,0.6936,0.7039,0.551079,,,,,,,
0.8257,-0.3016,0.4767,1.067525,,,,,,,
0,0,0,1,,,,,,,
-0.6108,-0.5993,-0.5174,0.868046,-3,,,,,,
-0.7914,0.4437,0.4204,0.588214,,,,,,,
-0.0224,0.6663,-0.7454,0.098743,,,,,,,
0,0,0,1,,,,,,,
-0.9637,-0.1132,-0.2419,0.502818,-3,,,,,,
-0.2181,0.8564,0.4679,0.575004,,,,,,,
0.1542,0.5037,-0.85,0.243942,,,,,,,
0,0,0,1,,,,,,,
0.542,0.6131,-0.5747,0.687914,-3,,,,,,
0.3138,0.4868,0.8152,1.071556,,,,,,,
0.7796,-0.6222,0.0714,0.80061,,,,,,,
0,0,0,1,,,,,,,
0.2372,0.942,-0.2374,0.38247,-3,,,,,,
0.3015,0.161,0.9398,0.519087,,,,,,,
0.9235,-0.2945,-0.2458,0.419657,,,,,,,
0,0,0,1,,,,,,,
0.6128,-0.1284,-0.7797,0.625948,-3,,,,,,
0.3316,-0.8539,0.4012,0.351447,,,,,,,
-0.7173,-0.5044,-0.4807,0.672466,,,,,,,
0,0,0,1,,,,,,,
0.3825,0.9232,0.0372,0.953402,-3,,,,,,
0.7547,-0.289,-0.589,0.152607,,,,,,,
-0.533,0.2534,-0.8073,0.011794,,,,,,,
0,0,0,1,,,,,,,
0.8886,-0.3336,-0.3149,0.913249,-3,,,,,,
0.2073,-0.3203,0.9243,0.655946,,,,,,,
-0.4093,-0.8866,-0.2155,0.876437,,,,,,,
0,0,0,1,,,,,,,
-0.368,0.5508,0.7491,1.072809,-3,,,,,,
0.8769,-0.0624,0.4767,0.649407,,,,,,,
0.3093,0.8323,-0.4601,0.125947,,,,,,,
0,0,0,1,,,,,,,
0.2753,0.7313,-0.624,-0.014817,-3,,,,,,
0.7142,-0.5901,-0.3764,-0.018696,,,,,,,
-0.6435,-0.3421,-0.6847,0.233218,,,,,,,
0,0,0,1,,,,,,,
-0.5408,0.6536,-0.5295,0.026047,-3,,,,,,
0.2412,0.7236,0.6467,0.555724,,,,,,,
0.8058,0.222,-0.5489,0.18589,,,,,,,
0,0,0,1,,,,,,,
-0.7638,-0.3014,-0.5707,0.179277,-3,,,,,,
-0.2578,-0.6683,0.6978,0.578549,,,,,,,
-0.5917,0.6801,0.4328,1.044648,,,,,,,
0,0,0,1,,,,,,,
0.137,-0.3018,-0.9435,0.38668,-3,,,,,,
0.5804,-0.7474,0.3233,0.453041,,,,,,,
-0.8027,-0.5919,0.0728,1.114758,,,,,,,
0,0,0,1,,,,,,,
0.9057,0.13,0.4035,1.621208,-3,,,,,,
0.4008,-0.5729,-0.7149,0.035965,,,,,,,
0.1382,0.8092,-0.571,0.146615,,,,,,,
0,0,0,1,,,,,,,
0.395,0.8236,-0.4071,0.590328,-3,,,,,,
-0.1177,0.4848,0.8666,0.449781,,,,,,,
0.9111,-0.2944,0.2884,1.061305,,,,,,,
0,0,0,1,,,,,,,
-0.5051,0.2166,-0.8355,0.065844,-3,,,,,,
-0.2348,0.897,0.3745,0.666549,,,,,,,
0.8305,0.3853,-0.4022,0.490071,,,,,,,
0,0,0,1,,,,,,,
0.8502,-0.4803,-0.2156,1.208395,-3,,,,,,
-0.2598,-0.7389,0.6217,0.754458,,,,,,,
-0.4579,-0.4726,-0.753,0.031457,,,,,,,
0,0,0,1,,,,,,,
-0.3325,0.5545,-0.7629,0.629911,-3,,,,,,
-0.6557,0.4455,0.6096,0.583203,,,,,,,
0.6779,0.7029,0.2154,1.201157,,,,,,,
0,0,0,1,,,,,,,
-0.1278,-0.9894,-0.0689,0.666035,-3,,,,,,
0.211,-0.095,0.9729,0.600994,,,,,,,
-0.9691,0.1098,0.2209,1.141915,,,,,,,
0,0,0,1,,,,,,,
0.9871,0.1448,-0.0679,0.410284,1,-0.861781,-1.26081,-0.536406,-0.550725,-0.680678,-0.646843
0.0874,-0.8441,-0.529,-0.024847,,,,,,,
-0.1339,0.5163,-0.8459,0.05369,,,,,,,
0,0,0,1,,,,,,,
-0.9055,0.2531,-0.3406,0.154668,-3,,,,,,
0.0944,0.9027,0.4198,0.209489,,,,,,,
0.4137,0.348,-0.8413,-0.107878,,,,,,,
0,0,0,1,,,,,,,
-0.8877,-0.142,0.4379,1.28892,-3,,,,,,
-0.1624,0.9867,-0.0093,0.735991,,,,,,,
-0.4307,-0.0794,-0.899,-0.084189,,,,,,,
0,0,0,1,,,,,,,
-0.4248,0.6381,-0.6421,0.231903,-3,,,,,,
-0.4009,0.5034,0.7654,1.021643,,,,,,,
0.8117,0.5826,0.042,0.274377,,,,,,,
0,0,0,1,,,,,,,
0.7811,0.1558,0.6047,1.333691,-3,,,,,,
-0.2515,-0.8079,0.533,0.65647,,,,,,,
0.5715,-0.5684,-0.5918,0.261525,,,,,,,
0,0,0,1,,,,,,,
-0.1408,-0.425,-0.8942,0.162612,-3,,,,,,
-0.7168,-0.5792,0.3882,0.869316,,,,,,,
-0.6829,0.6956,-0.2232,0.483844,,,,,,,
0,0,0,1,,,,,,,
0.0553,0.9345,0.3518,0.651486,-3,,,,,,
0.8047,-0.2503,0.5383,0.47471,,,,,,,
0.5911,0.2533,-0.7658,-0.12063,,,,,,,
0,0,0,1,,,,,,,
0.6658,-0.2841,-0.6899,0.657702,-3,,,,,,
0.1381,-0.8618,0.4882,0.611392,,,,,,,
-0.7332,-0.4203,-0.5345,0.31495,,,,,,,
0,0,0,1,,,,,,,
-0.5748,0.8172,-0.0419,1.060108,-3,,,,,,
-0.111,-0.0271,0.9935,0.544035,,,,,,,
0.8107,0.5757,0.1062,0.816232,,,,,,,
0,0,0,1,,,,,,,
0.9075,0.178,-0.3804,0.288796,-3,,,,,,
0.4187,-0.4531,0.787,0.501835,,,,,,,
-0.0323,-0.8735,-0.4858,0.342659,,,,,,,
0,0,0,1,,,,,,,
-0.0996,0.4063,-0.9083,0.618754,-3,,,,,,
-0.9684,-0.2494,-0.0054,0.003897,,,,,,,
-0.2287,0.8791,0.4183,1.340881,,,,,,,
0,0,0,1,,,,,,,
-0.672,0.2458,0.6986,0.995202,-3,,,,,,
0.7293,0.3837,0.5665,0.860107,,,,,,,
-0.1288,0.8902,-0.4371,0.288605,,,,,,,
0,0,0,1,,,,,,,
-0.2544,-0.0343,-0.9665,0.055047,-3,,,,,,
-0.9124,-0.3229,0.2516,0.362041,,,,,,,
-0.3207,0.9458,0.0509,0.95273,,,,,,,
0,0,0,1,,,,,,,
-0.6512,-0.7049,-0.2812,1.036542,-3,,,,,,
-0.7588,0.6116,0.2242,0.760827,,,,,,,
0.0139,0.3593,-0.9331,-0.269413,,,,,,,
0,0,0,1,,,,,,,
-0.5206,-0.5148,0.6812,1.279616,-3,,,,,,
-0.6377,0.7649,0.0907,0.585004,,,,,,,
-0.5677,-0.3871,-0.7265,-0.266344,,,,,,,
0,0,0,1,,,,,,,
-0.2046,0.7155,-0.6679,0.414433,-3,,,,,,
0.9775,0.185,-0.1013,0.519756,,,,,,,
0.051,-0.6736,-0.7373,0.217382,,,,,,,
0,0,0,1,,,,,,,
-0.9394,0.2641,0.2187,0.780706,-3,,,,,,
0.2803,0.9588,0.0461,0.234231,,,,,,,
-0.1975,0.1047,-0.9747,0.128513,,,,,,,
0,0,0,1,,,,,,,
0.3667,-0.3056,0.8787,1.306701,-3,,,,,,
-0.6077,-0.7938,-0.0225,0.337747,,,,,,,
0.7045,-0.5257,-0.4768,0.289389,,,,,,,
0,0,0,1,,,,,,,
-0.9548,0.2674,0.1297,1.039056,-3,,,,,,
0.1284,-0.0225,0.9915,0.536649,,,,,,,
0.268,0.9633,-0.0128,0.897673,,,,,,,
0,0,0,1,,,,,,,
0.8466,-0.4737,-0.2427,0.410358,-3,,,,,,
0.198,-0.1428,0.9697,1.012891,,,,,,,
-0.4941,-0.869,-0.0271,0.729589,,,,,,,
0,0,0,1,,,,,,,
-0.5334,0.783,-0.32,0.686309,-3,,,,,,
-0.3871,0.1104,0.9154,0.508612,,,,,,,
0.7521,0.6121,0.2442,1.063719,,,,,,,
0,0,0,1,,,,,,,
0.2177,-0.8502,-0.4793,0.796005,-3,,,,,,
0.1616,-0.4529,0.8768,0.609189,,,,,,,
-0.9625,-0.2684,0.0388,1.030701,,,,,,,
0,0,0,1,,,,,,,
-0.6786,-0.0955,-0.7283,0.688395,-3,,,,,,
-0.1129,-0.9662,0.2318,0.091694,,,,,,,
-0.7258,0.2395,0.6448,1.44648,,,,,,,
0,0,0,1,,,,,,,
0.8377,-0.2583,-0.4812,0.831165,-3,,,,,,
-0.4433,-0.8362,-0.3229,0.461647,,,,,,,
-0.319,0.4838,-0.815,-0.049512,,,,,,,
0,0,0,1,,,,,,,
-0.9605,-0.2555,-0.1101,0.797901,-3,,,,,,
-0.0673,-0.1704,0.9831,1.072009,,,,,,,
-0.27,0.9517,0.1464,0.746844,,,,,,,
0,0,0,1,,,,,,,
0.6919,-0.4172,-0.5892,0.621571,1,-1.00465,-1.22552,1.22173,1.13446,-0.606526,0.582933
0.4858,-0.3347,0.8075,0.323464,,,,,,,
-0.5341,-0.8449,-0.0289,0.810964,,,,,,,
0,0,0,1,,,,,,,
-0.9507,0.2406,0.1954,0.902788,-3,,,,,,
0.1311,-0.2589,0.957,0.646573,,,,,,,
0.2809,0.9354,0.2146,1.06724,,,,,,,
0,0,0,1,,,,,,,
-0.5948,0.7117,0.3738,0.815004,-3,,,,,,
0.7302,0.2839,0.6215,0.776081,,,,,,,
0.3362,0.6426,-0.6885,-0.190424,,,,,,,
0,0,0,1,,,,,,,
0.8017,-0.4302,0.4151,1.082312,-3,,,,,,
-0.483,-0.8752,0.0258,0.555259,,,,,,,
0.3522,-0.2212,-0.9094,-0.263331,,,,,,,
0,0,0,1,,,,,,,
0.7835,-0.5059,-0.3609,1.193107,-3,,,,,,
-0.3238,-0.828,0.4578,0.374501,,,,,,,
-0.5304,-0.2419,-0.8125,-0.291505,,,,,,,
0,0,0,1,,,,,,,
-0.9462,0.1287,0.297,0.605971,-3,,,,,,
0.3228,0.4407,0.8376,0.571911,,,,,,,
-0.0231,0.8884,-0.4586,0.270699,,,,,,,
0,0,0,1,,,,,,,
0.2951,0.0641,-0.9533,-0.064215,-3,,,,,,
-0.3724,-0.9111,-0.1765,0.168884,,,,,,,
-0.8799,0.4072,-0.245,0.664197,,,,,,,
0,0,0,1,,,,,,,
-0.3958,0.7761,-0.4909,0.210503,-3,,,,,,
0.0842,0.563,0.8222,0.507733,,,,,,,
0.9144,0.2841,-0.2882,0.686129,,,,,,,
0,0,0,1,,,,,,,
-0.0135,-0.923,0.3846,0.848811,-3,,,,,,
-0.6637,0.296,0.687,0.810939,,,,,,,
-0.7479,-0.246,-0.6165,0.3866,,,,,,,
0,0,0,1,,,,,,,
0.7898,0.61,-0.064,0.792852,-3,,,,,,
-0.1768,0.3262,0.9286,0.572117,,,,,,,
0.5873,-0.7221,0.3655,1.15106,,,,,,,
0,0,0,1,,,,,,,
-0.7359,-0.6702,0.0961,0.540157,-3,,,,,,
0.236,-0.1209,0.9642,0.789703,,,,,,,
-0.6346,0.7323,0.2471,1.081844,,,,,,,
0,0,0,1,,,,,,,
0.0915,-0.7961,0.5982,1.030587,-3,,,,,,
-0.1294,0.5861,0.7999,0.819673,,,,,,,
-0.9874,-0.1506,-0.0494,0.891521,,,,,,,
0,0,0,1,,,,,,,
0.2129,-0.8517,-0.4789,0.321914,-3,,,,,,
-0.1401,-0.5117,0.8477,0.366095,,,,,,,
-0.967,-0.1134,-0.2282,0.608909,,,,,,,
0,0,0,1,,,,,,,
0.7777,0.449,-0.4399,0.716647,-3,,,,,,
0.1242,0.5763,0.8078,0.432376,,,,,,,
0.6162,-0.6829,0.3924,1.295388,,,,,,,
0,0,0,1,,,,,,,
0.9701,-0.2152,0.1126,0.617658,-3,,,,,,
-0.1318,-0.077,0.9883,1.187662,,,,,,,
-0.204,-0.9735,-0.103,0.389034,,,,,,,
0,0,0,1,,,,,,,
-0.6438,0.6838,0.3433,1.345492,-3,,,,,,
0.7615,0.5289,0.3748,0.642068,,,,,,,
0.0747,0.5027,-0.8612,0.285536,,,,,,,
0,0,0,1,,,,,,,
0.3347,-0.4072,-0.8498,0.488525,-3,,,,,,
0.8648,0.4909,0.1054,0.080915,,,,,,,
0.3742,-0.7702,0.5165,1.396709,,,,,,,
0,0,0,1,,,,,,,
0.7405,0.5098,-0.4379,0.920822,-3,,,,,,
0.6518,-0.3862,0.6526,0.923783,,,,,,,
0.1636,-0.7687,-0.6183,0.123355,,,,,,,
0,0,0,1,,,,,,,
-0.0231,0.9131,0.4071,0.842641,-3,,,,,,
0.9935,0.0665,-0.0927,0.101525,,,,,,,
-0.1117,0.4023,-0.9086,-0.264025,,,,,,,
0,0,0,1,,,,,,,
-0.8652,0.4802,0.1445,0.855732,-3,,,,,,
0.1874,0.0423,0.9814,0.60661,,,,,,,
0.4651,0.8761,-0.1266,0.786228,,,,,,,
0,0,0,1,,,,,,,
-0.8444,-0.4046,-0.3511,1.14388,-3,,,,,,
-0.5294,0.7307,0.4311,0.72101,,,,,,,
0.0822,0.5499,-0.8312,0.219659,,,,,,,
0,0,0,1,,,,,,,
-0.2719,0.9541,0.1256,1.297438,-3,,,,,,
0.7907,0.2959,-0.5359,0.083598,,,,,,,
-0.5484,-0.0464,-0.8349,-0.038501,,,,,,,
0,0,0,1,,,,,,,
-0.306,0.8485,-0.4318,0.587641,-3,,,,,,
0.6217,0.5216,0.5843,0.403066,,,,,,,
0.721,-0.0897,-0.6871,0.583961,,,,,,,
0,0,0,1,,,,,,,
-0.6541,0.6635,0.3633,1.211377,-3,,,,,,
0.2724,-0.2414,0.9314,0.554592,,,,,,,
0.7057,0.7082,-0.0228,0.959014,,,,,,,
0,0,0,1,,,,,,,
0.8784,0.461,-0.1263,1.045438,-3,,,,,,
0.2845,-0.2921,0.9131,0.492682,,,,,,,
0.384,-0.838,-0.3878,0.679016,,,,,,,
0,0,0,1,,,,,,,
-0.2592,0.8543,-0.4506,0.618239,-3,,,,,,
0.474,0.519,0.7113,0.322762,,,,,,,
0.8415,-0.0292,-0.5395,0.558232,,,,,,,
0,0,0,1,,,,,,,
0.1347,-0.9713,-0.1961,1.408228,-3,,,,,,
-0.8587,-0.0157,-0.5123,-0.189117,,,,,,,
0.4945,0.2374,-0.8361,-0.022755,,,,,,,
0,0,0,1,,,,,,,
-0.807,-0.421,-0.4142,0.552308,-3,,,,,,
-0.4952,0.1004,0.8629,0.553459,,,,,,,
-0.3217,0.9015,-0.2895,0.849691,,,,,,,
0,0,0,1,,,,,,,
0.0605,-0.7598,-0.6474,0.546795,-3,,,,,,
-0.275,-0.6361,0.7209,1.095809,,,,,,,
-0.9595,0.1344,-0.2475,0.54295,,,,,,,
0,0,0,1,,,,,,,
0.7728,-0.6169,0.1487,1.500991,-3,,,,,,
-0.6284,-0.7114,0.3146,0.48091,,,,,,,
-0.0883,-0.3366,-0.9375,-0.265103,,,,,,,
0,0,0,1,,,,,,,
0.6459,0.7537,-0.1215,1.062944,-3,,,,,,
0.6636,-0.4755,0.5776,0.824518,,,,,,,
0.3776,-0.4537,-0.8072,0.401339,,,,,,,
0,0,0,1,,,,,,,
-0.9709,-0.2162,-0.1028,0.976573,-3,,,,,,
-0.2126,0.9761,-0.0453,0.46868,,,,,,,
0.1101,-0.0221,-0.9937,0.058673,,,,,,,
0,0,0,1,,,,,,,
0.2331,-0.8034,-0.5479,0.410324,-3,,,,,,
-0.0616,-0.5745,0.8162,0.966261,,,,,,,
-0.9705,-0.1565,-0.1834,0.735452,,,,,,,
0,0,0,1,,,,,,,
-0.8912,-0.2706,-0.364,1.197864,-3,,,,,,
-0.2542,0.9626,-0.0932,0.073851,,,,,,,
0.3756,0.0095,-0.9267,-0.317196,,,,,,,
0,0,0,1,,,,,,,
0.1064,-0.8283,-0.5501,0.681681,-3,,,,,,
-0.9935,-0.1113,-0.0246,0.099497,,,,,,,
-0.0409,0.5492,-0.8347,0.331005,,,,,,,
0,0,0,1,,,,,,,
0.7131,-0.6433,-0.2787,0.06416,-3,,,,,,
-0.0491,-0.4424,0.8955,0.436536,,,,,,,
-0.6993,-0.6249,-0.3471,0.198586,,,,,,,
0,0,0,1,,,,,,,
0.6272,-0.262,-0.7335,-0.095605,-3,,,,,,
0.565,-0.4951,0.66,0.534878,,,,,,,
-0.5361,-0.8284,-0.1625,0.128398,,,,,,,
0,0,0,1,,,,,,,
0.7069,-0.6748,0.212,1.019179,-3,,,,,,
-0.284,0.0037,0.9588,0.635738,,,,,,,
-0.6478,-0.738,-0.189,0.693937,,,,,,,
0,0,0,1,,,,,,,
-0.2202,0.9286,-0.2985,1.224633,-3,,,,,,
0.8331,0.3383,0.4377,0.640118,,,,,,,
0.5075,-0.1523,-0.8481,-0.025368,,,,,,,
0,0,0,1,,,,,,,
0.8673,0.3803,-0.3212,0.442584,-3,,,,,,
0.3318,0.0395,0.9425,0.455785,,,,,,,
0.3711,-0.924,-0.092,0.760861,,,,,,,
0,0,0,1,,,,,,,
-0.8273,0.1639,0.5373,1.440752,-3,,,,,,
-0.1369,0.8688,-0.4758,0.328205,,,,,,,
-0.5448,-0.4672,-0.6964,-0.185862,,,,,,,
0,0,0,1,,,,,,,
-0.6578,0.6523,0.3766,1.142028,-3,,,,,,
0.7451,0.4901,0.4524,0.775804,,,,,,,
0.1106,0.5781,-0.8084,-0.072817,,,,,,,
0,0,0,1,,,,,,,
-0.3296,-0.1701,0.9287,1.226776,-3,,,,,,
-0.3026,0.9508,0.0668,0.425326,,,,,,,
-0.8943,-0.259,-0.3648,-0.005451,,,,,,,
0,0,0,1,,,,,,,
-0.2244,0.9345,-0.2763,0.098925,-3,,,,,,
0.6445,0.355,0.6772,0.276395,,,,,,,
0.7309,-0.0262,-0.682,0.041109,,,,,,,
0,0,0,1,,,,,,,
0.9117,-0.409,0.0375,0.599712,-3,,,,,,
-0.1117,-0.159,0.9809,0.930662,,,,,,,
-0.3953,-0.8986,-0.1906,0.729219,,,,,,,
0,0,0,1,,,,,,,
0.6771,-0.0546,-0.7338,0.147385,-3,,,,,,
0.1371,-0.9704,0.1987,0.215101,,,,,,,
-0.723,-0.2352,-0.6496,0.273721,,,,,,,
0,0,0,1,,,,,,,
0.5195,0.4728,0.7117,1.10876,-3,,,,,,
0.5021,-0.8429,0.1934,0.483219,,,,,,,
0.6914,0.2569,-0.6753,0.242848,,,,,,,
0,0,0,1,,,,,,,
0.101,0.8914,-0.4418,0.429408,-3,,,,,,
0.8449,0.1577,0.5111,0.68414,,,,,,,
0.5253,-0.4249,-0.7373,-0.054004,,,,,,,
0,0,0,1,,,,,,,
-0.1142,0.8369,-0.5353,0.551676,-3,,,,,,
0.0429,0.5425,0.839,0.613326,,,,,,,
0.9925,0.0729,-0.0978,0.8741,,,,,,,
0,0,0,1,,,,,,,
0.7474,-0.5985,0.2884,1.076986,-3,,,,,,
-0.6483,-0.5621,0.5135,0.96519,,,,,,,
-0.1453,-0.5708,-0.8081,0.227659,,,,,,,
0,0,0,1,,,,,,,
0.7689,0.6023,0.2145,1.503975,-3,,,,,,
0.5582,-0.4687,-0.6846,-0.142123,,,,,,,
-0.3118,0.6462,-0.6966,-0.060987,,,,,,,
0,0,0,1,,,,,,,
-0.3267,0.9314,0.1606,1.299441,-3,,,,,,
0.8191,0.1943,0.5397,0.982678,,,,,,,
0.4715,0.3079,-0.8264,0.035987,,,,,,,
0,0,0,1,,,,,,,
-0.4312,-0.9018,0.0275,0.623772,-3,,,,,,
-0.8512,0.4167,0.319,0.380846,,,,,,,
-0.2991,0.1142,-0.9474,-0.08203,,,,,,,
0,0,0,1,,,,,,,
0.2722,0.1263,-0.9539,-0.095234,1,0.437317,0.0277159,-0.698132,0.94714,-0.609577,1.20786
0.1702,0.9694,0.1769,0.455272,,,,,,,
0.9471,-0.2105,0.2424,0.818469,,,,,,,
0,0,0,1,,,,,,,
-0.3875,0.9212,-0.0355,0.273641,-3,,,,,,
-0.3632,-0.1172,0.9243,0.766753,,,,,,,
0.8473,0.371,0.38,0.896372,,,,,,,
0,0,0,1,,,,,,,
-0.1155,-0.6613,-0.7411,-0.009265,-3,,,,,,
0.0318,-0.7482,0.6627,0.303633,,,,,,,
-0.9928,0.053,0.1074,0.724716,,,,,,,
0,0,0,1,,,,,,,
-0.3455,0.9007,-0.2634,1.556043,-3,,,,,,
0.9332,0.3004,-0.197,0.063656,,,,,,,
-0.0983,-0.3139,-0.9443,-0.301906,,,,,,,
0,0,0,1,,,,,,,
0.1016,-0.9912,0.0843,0.917895,-3,,,,,,
-0.8792,-0.0498,0.4738,0.677984,,,,,,,
-0.4654,-0.1223,-0.8766,-0.047962,,,,,,,
0,0,0,1,,,,,,,
0.0431,0.2294,-0.9724,0.325225,1,-0.510737,0.102037,-0.39483,0.389289,-0.346731,1.64134
0.726,0.6614,0.1882,0.332785,,,,,,,
0.6863,-0.7141,-0.1381,0.771006,,,,,,,
0,0,0,1,,,,,,,
-0.2524,0.7561,-0.6038,0.170531,-3,,,,,,
0.1744,0.6493,0.7403,0.691209,,,,,,,
0.9518,0.0815,-0.2958,0.641065,,,,,,,
0,0,0,1,,,,,,,
0.2561,-0.892,-0.3725,0.393254,-3,,,,,,
-0.0276,-0.3919,0.9196,0.428758,,,,,,,
-0.9663,-0.2252,-0.125,0.741398,,,,,,,
0,0,0,1,,,,,,,
-0.9203,0.3686,0.1308,0.511356,-3,,,,,,
0.3133,0.4944,0.8108,0.587219,,,,,,,
0.2342,0.7872,-0.5705,-0.026295,,,,,,,
0,0,0,1,,,,,,,
0.6626,-0.5444,0.5144,1.141194,-3,,,,,,
-0.5976,0.0298,0.8013,0.500945,,,,,,,
-0.4515,-0.8383,-0.3056,0.622477,,,,,,,
0,0,0,1,,,,,,,
-0.8123,-0.3338,-0.4783,0.495022,-3,,,,,,
-0.5341,0.0962,0.8399,0.566551,,,,,,,
-0.2344,0.9377,-0.2565,0.874177,,,,,,,
0,0,0,1,,,,,,,
0.8009,-0.5984,-0.0197,1.409866,-3,,,,,,
-0.293,-0.3629,-0.8846,-0.305684,,,,,,,
0.5222,0.7143,-0.466,0.14962,,,,,,,
0,0,0,1,,,,,,,
-0.6033,0.2856,-0.7446,1.031224,-3,,,,,,
0.3701,0.9273,0.0558,0.427191,,,,,,,
0.7064,-0.2419,-0.6652,-0.125433,,,,,,,
0,0,0,1,,,,,,,
0.8066,0.0375,-0.5899,0.66268,1,-1.18573,-0.519053,1.22173,0.125504,0.189928,1.29415
0.5241,0.4161,0.7431,0.308303,,,,,,,
0.2733,-0.9085,0.316,1.287391,,,,,,,
0,0,0,1,,,,,,,
-0.4431,-0.7318,0.5178,0.885465,-3,,,,,,
-0.6287,-0.1581,-0.7614,-0.213623,,,,,,,
0.639,-0.6629,-0.39,0.175707,,,,,,,
0,0,0,1,,,,,,,
0.599,0.5565,-0.5758,0.736328,-3,,,,,,
0.5132,0.2852,0.8095,0.652361,,,,,,,
0.6147,-0.7804,-0.1147,1.011545,,,,,,,
0,0,0,1,,,,,,,
0.5151,-0.4827,-0.7083,0.29213,-3,,,,,,
-0.6656,-0.7459,0.0242,0.324046,,,,,,,
-0.54,0.4589,-0.7055,0.025507,,,,,,,
0,0,0,1,,,,,,,
0.3733,0.927,-0.0356,1.370086,-3,,,,,,
0.8704,-0.3367,0.3592,0.52788,,,,,,,
0.321,-0.165,-0.9326,0.212107,,,,,,,
0,0,0,1,,,,,,,
0.7419,-0.6261,-0.2399,0.134795,-3,,,,,,
0.1573,-0.1853,0.97,0.743518,,,,,,,
-0.6518,-0.7574,-0.039,0.554684,,,,,,,
0,0,0,1,,,,,,,
-0.5994,-0.4795,0.6409,1.096901,-3,,,,,,
-0.4971,0.8506,0.1714,0.670921,,,,,,,
-0.6273,-0.2158,-0.7482,-0.259143,,,,,,,
0,0,0,1,,,,,,,
-0.914,-0.2745,-0.2988,0.307639,-3,,,,,,
-0.2931,-0.0625,0.954,1.069153,,,,,,,
-0.2806,0.9595,-0.0233,0.468454,,,,,,,
0,0,0,1,,,,,,,
-0.2639,0.8767,0.4021,0.992647,-3,,,,,,
0.8934,0.3793,-0.2408,0.2854,,,,,,,
-0.3636,0.2957,-0.8834,-0.283407,,,,,,,
0,0,0,1,,,,,,,
-0.0621,-0.9395,-0.3368,1.337266,-3,,,,,,
-0.5867,0.3074,-0.7492,-0.115471,,,,,,,
0.8074,0.1511,-0.5703,-0.189701,,,,,,,
0,0,0,1,,,,,,,
0.705,-0.0053,-0.7092,0.626124,-3,,,,,,
0.7083,-0.0465,0.7044,1.067886,,,,,,,
-0.0367,-0.9989,-0.029,0.667435,,,,,,,
0,0,0,1,,,,,,,
0.9841,0.1348,-0.1157,0.419973,1,-0.968582,-1.54272,-0.247609,-0.37505,-0.680678,-0.855124
0.0346,-0.7843,-0.6194,0.094904,,,,,,,
-0.1742,0.6056,-0.7765,-0.273554,,,,,,,
0,0,0,1,,,,,,,
-0.5588,0.2748,-0.7824,0.370102,-3,,,,,,
-0.7147,0.3189,0.6225,0.434256,,,,,,,
0.4206,0.9071,0.0182,0.833752,,,,,,,
0,0,0,1,,,,,,,
0.1217,-0.7102,-0.6934,0.018584,1,-0.645361,-1.5708,-0.698132,-0.305583,1.04378,-0.371753
-0.9067,0.2047,-0.3688,0.177597,,,,,,,
0.4039,0.6736,-0.619,0.084552,,,,,,,
0,0,0,1,,,,,,,
0.6359,0.0864,-0.7669,0.15021,-3,,,,,,
0.7148,0.3088,0.6275,0.926966,,,,,,,
0.291,-0.9472,0.1346,0.399299,,,,,,,
0,0,0,1,,,,,,,
-0.9836,-0.173,0.0501,0.208659,-3,,,,,,
0.0315,0.1091,0.9935,0.804029,,,,,,,
-0.1774,0.9789,-0.1018,0.289355,,,,,,,
0,0,0,1,,,,,,,
-0.4357,-0.8816,-0.1813,1.077335,-3,,,,,,
-0.3996,0.009,0.9166,0.681279,,,,,,,
-0.8065,0.4719,-0.3562,0.499339,,,,,,,
0,0,0,1,,,,,,,
-0.2701,-0.6021,-0.7514,0.697938,-3,,,,,,
0.0572,-0.789,0.6117,0.24694,,,,,,,
-0.9611,0.1222,0.2476,1.185566,,,,,,,
0,0,0,1,,,,,,,
0.7949,-0.6047,0.0497,0.907533,-3,,,,,,
-0.6062,-0.795,0.0228,0.396824,,,,,,,
0.0258,-0.0483,-0.9985,-0.345664,,,,,,,
0,0,0,1,,,,,,,
0.8965,0.4414,-0.0389,0.902314,-3,,,,,,
0.3694,-0.6958,0.616,0.655886,,,,,,,
0.2448,-0.5666,-0.7868,0.283365,,,,,,,
0,0,0,1,,,,,,,
-0.1216,0.9428,-0.3103,0.923095,-3,,,,,,
0.2149,0.3302,0.9191,0.586071,,,,,,,
0.969,0.0451,-0.2427,0.777452,,,,,,,
0,0,0,1,,,,,,,
-0.2037,0.2838,-0.937,0.518575,-3,,,,,,
0.5374,-0.7676,-0.3493,-0.106166,,,,,,,
-0.8184,-0.5747,0.0039,0.984862,,,,,,,
0,0,0,1,,,,,,,
-0.8234,-0.4909,0.2844,1.187399,-3,,,,,,
-0.1245,0.6454,0.7536,0.341775,,,,,,,
-0.5536,0.5852,-0.5926,0.560943,,,,,,,
0,0,0,1,,,,,,,
-0.3179,0.3734,0.8715,1.391824,-3,,,,,,
0.6893,0.7221,-0.058,0.499911,,,,,,,
-0.651,0.5823,-0.4869,0.074791,,,,,,,
0,0,0,1,,,,,,,
-0.3555,-0.2676,-0.8955,-0.084842,-3,,,,,,
-0.1065,0.9635,-0.2457,0.226344,,,,,,,
0.9286,0.008,-0.371,0.403762,,,,,,,
0,0,0,1,,,,,,,
0.7562,0.544,-0.3637,0.207125,-3,,,,,,
0.5438,-0.2131,0.8117,0.364783,,,,,,,
0.364,-0.8116,-0.457,0.191931,,,,,,,
0,0,0,1,,,,,,,
-0.6389,0.1615,-0.7522,1.077352,-3,,,,,,
-0.2945,0.8519,0.4331,0.270743,,,,,,,
0.7107,0.4982,-0.4967,-0.134693,,,,,,,
0,0,0,1,,,,,,,
0.2374,-0.5321,-0.8127,0.564847,-3,,,,,,
0.7747,0.6085,-0.1721,0.019359,,,,,,,
0.5861,-0.5888,0.5566,1.382272,,,,,,,
0,0,0,1,,,,,,,
0.8169,-0.3326,0.4712,1.158586,-3,,,,,,
-0.5386,-0.1476,0.8295,0.747695,,,,,,,
-0.2064,-0.9314,-0.2997,0.596774,,,,,,,
0,0,0,1,,,,,,,
0.1355,-0.8989,0.4168,1.560583,-3,,,,,,
-0.9327,0.0262,0.3597,0.466159,,,,,,,
-0.3342,-0.4375,-0.8348,0.042815,,,,,,,
0,0,0,1,,,,,,,
0.9135,0.3988,-0.0798,1.021909,-3,,,,,,
0.3261,-0.6008,0.7299,0.634881,,,,,,,
0.2431,-0.6928,-0.6789,0.589211,,,,,,,
0,0,0,1,,,,,,,
-0.9757,-0.2183,0.019,0.239091,-3,,,,,,
-0.1287,0.6412,0.7565,0.415694,,,,,,,
-0.1773,0.7356,-0.6537,-0.017741,,,,,,,
0,0,0,1,,,,,,,
-0.6533,-0.0489,0.7555,1.367073,-3,,,,,,
-0.1882,0.9771,-0.0995,0.484871,,,,,,,
-0.7333,-0.2072,-0.6476,-0.168279,,,,,,,
0,0,0,1,,,,,,,
0.2601,-0.1315,-0.9566,-0.199144,-3,,,,,,
0.4462,-0.8622,0.2399,0.259268,,,,,,,
-0.8563,-0.4893,-0.1656,0.591356,,,,,,,
0,0,0,1,,,,,,,
0.6934,-0.2611,-0.6716,0.726905,1,-0.960863,-0.76095,1.03788,0.73505,-0.592637,0.804908
0.666,-0.1234,0.7357,0.348913,,,,,,,
-0.2749,-0.9574,0.0883,1.127369,,,,,,,
0,0,0,1,,,,,,,
0.377,-0.8275,-0.4161,0.655091,-3,,,,,,
0.7705,0.0308,0.6367,0.301262,,,,,,,
-0.5141,-0.5606,0.6492,1.445391,,,,,,,
0,0,0,1,,,,,,,
-0.6961,0.6519,0.3008,1.163646,-3,,,,,,
0.6853,0.4784,0.5491,0.525481,,,,,,,
0.214,0.5883,-0.7798,0.291919,,,,,,,
0,0,0,1,,,,,,,
0.2823,-0.5346,0.7966,1.438584,-3,,,,,,
-0.9565,-0.2209,0.1907,0.428785,,,,,,,
0.0741,-0.8157,-0.5737,0.354253,,,,,,,
0,0,0,1,,,,,,,
-0.5016,0.5846,-0.6377,0.445945,-3,,,,,,
-0.7206,0.1255,0.6819,0.740433,,,,,,,
0.4786,0.8016,0.3583,1.187335,,,,,,,
0,0,0,1,,,,,,,
0.8882,-0.346,-0.3022,0.569251,-3,,,,,,
0.4551,0.5729,0.6817,0.377708,,,,,,,
-0.0627,-0.743,0.6663,1.457387,,,,,,,
0,0,0,1,,,,,,,
