0.4024,0.7123,-0.5751,0.755131,-3,,,,,,
0.3273,0.4747,0.817,1.047323,,,,,,,
0.8549,-0.517,-0.0421,0.82814,,,,,,,
0,0,0,1,,,,,,,
-0.9063,0.126,-0.4033,1.2438,-3,,,,,,
0.2389,0.9401,-0.2432,-0.057938,,,,,,,
0.3485,-0.3168,-0.8821,0.043205,,,,,,,
0,0,0,1,,,,,,,
0.5637,-0.4081,-0.7181,0.608332,1,-1.05317,-0.212131,0.735272,-0.123218,0.0266098,0.822514
0.8107,0.4398,0.3864,0.339236,,,,,,,
0.1581,-0.8,0.5788,1.187798,,,,,,,
0,0,0,1,,,,,,,
0.1494,-0.9849,0.088,1.13564,-3,,,,,,
-0.6131,-0.162,-0.7732,0.166151,,,,,,,
0.7757,0.0615,-0.6281,-0.121738,,,,,,,
0,0,0,1,,,,,,,
-0.7652,-0.6415,0.0551,1.10553,-3,,,,,,
-0.588,0.6614,-0.4656,0.194679,,,,,,,
0.2622,-0.3887,-0.8833,-0.355195,,,,,,,
0,0,0,1,,,,,,,
-0.8536,-0.4459,0.2693,0.790409,-3,,,,,,
0.0322,0.4708,0.8817,0.896579,,,,,,,
-0.5199,0.7613,-0.3875,0.586096,,,,,,,
0,0,0,1,,,,,,,
-0.8354,0.5345,0.1279,0.538694,-3,,,,,,
0.3607,0.7089,-0.6061,-0.205669,,,,,,,
-0.4146,-0.4602,-0.7851,-0.23133,,,,,,,
0,0,0,1,,,,,,,
0.0582,-0.5362,-0.8421,1.011237,-3,,,,,,
-0.9982,-0.021,-0.0557,0.116436,,,,,,,
0.0122,0.8438,-0.5365,-0.055554,,,,,,,
0,0,0,1,,,,,,,
0.7681,0.2713,-0.58,0.963058,-3,,,,,,
-0.5728,-0.1137,-0.8118,-0.165071,,,,,,,
-0.2862,0.9558,0.068,0.179034,,,,,,,
0,0,0,1,,,,,,,
-0.9553,-0.2856,-0.0761,0.508115,-3,,,,,,
-0.2715,0.7465,0.6074,0.547584,,,,,,,
-0.1167,0.601,-0.7907,-0.275108,,,,,,,
0,0,0,1,,,,,,,
-0.2403,0.9681,-0.0717,1.197095,-3,,,,,,
0.8568,0.2462,0.453,0.742334,,,,,,,
0.4562,0.0474,-0.8886,0.178776,,,,,,,
0,0,0,1,,,,,,,
0.1759,0.9776,-0.1158,0.156729,-3,,,,,,
0.2199,0.0756,0.9726,0.66059,,,,,,,
0.9595,-0.1966,-0.2017,0.471906,,,,,,,
0,0,0,1,,,,,,,
-0.1317,0.9714,0.1974,0.64383,-3,,,,,,
0.7642,-0.0273,0.6444,0.660552,,,,,,,
0.6313,0.2358,-0.7388,-0.044575,,,,,,,
0,0,0,1,,,,,,,
-0.8919,0.4035,0.204,0.77985,-3,,,,,,
0.4386,0.6626,0.6071,0.608327,,,,,,,
0.1098,0.631,-0.768,0.044747,,,,,,,
0,0,0,1,,,,,,,
0.7357,-0.3106,-0.6019,0.403254,1,-0.540488,-0.90981,0.946892,1.13446,-0.640124,0.415366
0.606,-0.0951,0.7898,0.674692,,,,,,,
-0.3025,-0.9458,0.1182,0.93777,,,,,,,
0,0,0,1,,,,,,,
-0.2207,-0.9196,-0.325,1.117032,-3,,,,,,
-0.86,0.0264,0.5095,0.565311,,,,,,,
-0.46,0.392,-0.7967,0.148264,,,,,,,
0,0,0,1,,,,,,,
-0.2016,-0.9648,-0.1689,0.658341,-3,,,,,,
-0.9694,0.1719,0.1754,0.520545,,,,,,,
-0.1402,0.1991,-0.9699,-0.202528,,,,,,,
0,0,0,1,,,,,,,
0.509,-0.6895,-0.5153,-0.092044,-3,,,,,,
0.4888,-0.2613,0.8324,0.494541,,,,,,,
-0.7086,-0.6755,0.204,0.530826,,,,,,,
0,0,0,1,,,,,,,
-0.4748,0.3357,-0.8136,0.465993,-3,,,,,,
0.3916,0.9084,0.1463,0.155176,,,,,,,
0.7882,-0.2491,-0.5628,0.498412,,,,,,,
0,0,0,1,,,,,,,
-0.9776,0.1366,-0.1604,1.117783,-3,,,,,,
0.0459,0.8811,0.4707,0.873348,,,,,,,
0.2056,0.4528,-0.8676,-0.248953,,,,,,,
0,0,0,1,,,,,,,
0.749,-0.2685,-0.6057,0.521537,-3,,,,,,
0.6125,-0.0678,0.7876,0.436181,,,,,,,
-0.2525,-0.9609,0.1137,0.813956,,,,,,,
0,0,0,1,,,,,,,
-0.9756,-0.1903,-0.1095,0.502063,-3,,,,,,
-0.2136,0.7077,0.6735,0.756392,,,,,,,
-0.0507,0.6804,-0.7311,0.264006,,,,,,,
0,0,0,1,,,,,,,
0.6018,-0.7667,-0.2236,0.775995,-3,,,,,,
-0.4281,-0.546,0.7201,0.565136,,,,,,,
-0.6742,-0.3377,-0.6569,0.543058,,,,,,,
0,0,0,1,,,,,,,
0.3438,0.8666,-0.3617,0.397155,-3,,,,,,
0.2639,0.2805,0.9229,0.428042,,,,,,,
0.9012,-0.4128,-0.1323,0.942732,,,,,,,
0,0,0,1,,,,,,,
0.4411,-0.8053,0.3961,1.20206,-3,,,,,,
-0.5848,0.0768,0.8075,0.435307,,,,,,,
-0.6807,-0.5878,-0.4371,0.663689,,,,,,,
0,0,0,1,,,,,,,
0.0932,-0.0333,-0.9951,0.143751,-3,,,,,,
-0.8703,0.4828,-0.0977,0.067434,,,,,,,
0.4836,0.8751,0.016,1.062945,,,,,,,
0,0,0,1,,,,,,,
0.994,-0.0524,-0.0959,0.43829,-3,,,,,,
-0.0309,-0.9765,0.2131,0.151578,,,,,,,
-0.1049,-0.2088,-0.9723,0.116824,,,,,,,
0,0,0,1,,,,,,,
-0.0507,-0.9819,-0.1825,0.694287,-3,,,,,,
0.2343,-0.1894,0.9535,0.60938,,,,,,,
-0.9708,0.0056,0.2396,1.019845,,,,,,,
0,0,0,1,,,,,,,
0.9693,0.191,-0.1546,0.492043,-3,,,,,,
0.2361,-0.8984,0.3703,0.146341,,,,,,,
-0.0682,-0.3954,-0.916,-0.300218,,,,,,,
0,0,0,1,,,,,,,
0.2599,-0.5754,-0.7755,0.362332,-3,,,,,,
0.2591,-0.7321,0.63,0.553021,,,,,,,
-0.9302,-0.3647,-0.0411,0.699975,,,,,,,
0,0,0,1,,,,,,,
0.3655,-0.527,-0.7673,0.385262,-3,,,,,,
-0.829,-0.5592,-0.0109,0.257057,,,,,,,
-0.4233,0.64,-0.6412,0.54059,,,,,,,
0,0,0,1,,,,,,,
0.5567,0.7924,0.2495,1.470532,-3,,,,,,
0.7933,-0.4178,-0.4428,0.020582,,,,,,,
-0.2466,0.4445,-0.8612,-0.291485,,,,,,,
0,0,0,1,,,,,,,
0.8559,-0.4594,0.2375,0.963137,-3,,,,,,
-0.327,-0.1249,0.9367,0.724016,,,,,,,
-0.4007,-0.8794,-0.2571,0.823489,,,,,,,
0,0,0,1,,,,,,,
-0.435,0.7306,-0.5263,0.865514,-3,,,,,,
0.6623,0.6556,0.3627,0.613958,,,,,,,
0.61,-0.1908,-0.7691,-0.008309,,,,,,,
0,0,0,1,,,,,,,
-0.2785,0.5505,-0.787,0.143609,-3,,,,,,
-0.3936,0.682,0.6163,0.248904,,,,,,,
0.8761,0.4815,0.0267,1.030067,,,,,,,
0,0,0,1,,,,,,,
-0.7362,-0.5798,-0.349,0.706969,-3,,,,,,
-0.5776,0.2695,0.7706,0.747308,,,,,,,
-0.3527,0.7689,-0.5333,0.453453,,,,,,,
0,0,0,1,,,,,,,
-0.1341,-0.9846,0.1119,0.678795,-3,,,,,,
-0.7544,0.1746,0.6328,0.594197,,,,,,,
-0.6426,0.0005,-0.7662,0.150359,,,,,,,
0,0,0,1,,,,,,,
0.0939,0.6732,0.7334,1.397439,-3,,,,,,
0.5123,-0.6643,0.5443,0.737439,,,,,,,
0.8537,0.3246,-0.4073,0.308263,,,,,,,
0,0,0,1,,,,,,,
0.601,-0.7977,-0.0495,0.958028,-3,,,,,,
-0.7962,-0.6029,0.0507,0.555623,,,,,,,
-0.0703,0.0089,-0.9975,-0.369517,,,,,,,
0,0,0,1,,,,,,,
-0.5067,0.1976,-0.8392,0.57762,-3,,,,,,
-0.8588,-0.0299,0.5115,0.386152,,,,,,,
0.076,0.9798,0.1849,1.115623,,,,,,,
0,0,0,1,,,,,,,
0.6127,-0.1879,-0.7677,0.206182,-3,,,,,,
0.1799,0.979,-0.0961,0.066353,,,,,,,
0.7696,-0.0793,0.6336,1.356416,,,,,,,
0,0,0,1,,,,,,,
-0.0434,0.6716,-0.7396,-0.109408,-3,,,,,,
0.5654,0.6268,0.5361,0.561896,,,,,,,
0.8236,-0.395,-0.4069,0.200816,,,,,,,
0,0,0,1,,,,,,,
0.4343,0.898,0.0702,1.353052,-3,,,,,,
0.655,-0.3684,0.6597,0.739968,,,,,,,
0.6183,-0.2405,-0.7482,0.471039,,,,,,,
0,0,0,1,,,,,,,
0.3338,-0.6556,-0.6774,0.446042,-3,,,,,,
0.9296,0.1098,0.3517,0.910345,,,,,,,
-0.1562,-0.7471,0.6461,0.959496,,,,,,,
0,0,0,1,,,,,,,
-0.7254,-0.4575,-0.5142,0.827787,-3,,,,,,
-0.5233,-0.1187,0.8438,0.563131,,,,,,,
-0.4471,0.8812,-0.1533,0.957773,,,,,,,
0,0,0,1,,,,,,,
0.6735,0.0752,0.7354,1.293535,-3,,,,,,
-0.6633,-0.3777,0.646,0.497549,,,,,,,
0.3263,-0.9229,-0.2045,0.742805,,,,,,,
0,0,0,1,,,,,,,
-0.8852,-0.4624,0.0517,0.810546,-3,,,,,,
-0.4355,0.7844,-0.4416,-0.055915,,,,,,,
0.1636,-0.4134,-0.8957,0.191721,,,,,,,
0,0,0,1,,,,,,,
0.4453,-0.7527,0.4849,1.561752,-3,,,,,,
-0.7864,-0.5877,-0.1903,0.099994,,,,,,,
0.4282,-0.2966,-0.8536,0.174285,,,,,,,
0,0,0,1,,,,,,,
0.4829,-0.6756,-0.5571,0.195895,-3,,,,,,
-0.8566,-0.4963,-0.1407,0.407548,,,,,,,
-0.1814,0.5452,-0.8184,-0.276099,,,,,,,
0,0,0,1,,,,,,,
-0.7703,0.6353,0.0546,0.417022,-3,,,,,,
-0.0424,-0.1365,0.9897,1.018718,,,,,,,
0.6363,0.7601,0.1321,0.662734,,,,,,,
0,0,0,1,,,,,,,
0.8622,0.2768,-0.4242,0.735624,-3,,,,,,
0.4691,-0.1204,0.8749,0.779694,,,,,,,
0.1911,-0.9533,-0.2337,0.812872,,,,,,,
0,0,0,1,,,,,,,
0.3824,0.8191,0.4276,1.056891,-3,,,,,,
-0.3934,-0.2744,0.8775,0.503846,,,,,,,
0.8361,-0.5037,0.2173,1.144859,,,,,,,
0,0,0,1,,,,,,,
-0.1339,-0.8235,0.5513,0.93339,-3,,,,,,
-0.5028,0.5358,0.6783,0.814195,,,,,,,
-0.8539,-0.1864,-0.4858,0.300151,,,,,,,
0,0,0,1,,,,,,,
-0.7665,-0.1708,-0.6191,0.6405,-3,,,,,,
-0.6222,-0.0414,0.7818,0.714515,,,,,,,
-0.1591,0.9844,-0.0746,0.835628,,,,,,,
0,0,0,1,,,,,,,
0.3257,-0.9448,-0.0356,0.308285,-3,,,,,,
-0.4839,-0.1989,0.8522,0.493644,,,,,,,
-0.8123,-0.2603,-0.5219,0.241927,,,,,,,
0,0,0,1,,,,,,,
0.8188,-0.3255,-0.4728,0.886516,-3,,,,,,
0.1316,-0.6953,0.7066,0.631891,,,,,,,
-0.5587,-0.6408,-0.5265,0.566263,,,,,,,
0,0,0,1,,,,,,,
0.1517,0.7067,-0.6911,0.508818,-3,,,,,,
-0.2533,0.7036,0.6639,0.955443,,,,,,,
0.9554,0.0743,0.2857,0.988051,,,,,,,
0,0,0,1,,,,,,,
0.0971,0.9929,-0.0681,0.540234,-3,,,,,,
-0.6686,0.0144,-0.7434,-0.413919,,,,,,,
-0.7372,0.1177,0.6653,1.400603,,,,,,,
0,0,0,1,,,,,,,
0.0769,-0.6433,0.7618,1.607447,-3,,,,,,
-0.7489,-0.5416,-0.3818,0.253487,,,,,,,
0.6582,-0.5411,-0.5234,-0.218691,,,,,,,
0,0,0,1,,,,,,,
-0.3366,-0.7661,-0.5475,0.24104,-3,,,,,,
-0.9391,0.23,0.2555,0.690832,,,,,,,
-0.0698,0.6001,-0.7969,0.189963,,,,,,,
0,0,0,1,,,,,,,
0.1158,0.9909,0.0689,0.716532,-3,,,,,,
0.9246,-0.1329,0.3571,0.437507,,,,,,,
0.363,0.0223,-0.9315,-0.225144,,,,,,,
0,0,0,1,,,,,,,
-0.8803,0.4672,-0.0829,1.420713,-3,,,,,,
0.464,0.8841,0.0551,0.548501,,,,,,,
0.099,0.0101,-0.995,-0.247178,,,,,,,
0,0,0,1,,,,,,,
-0.4166,0.8577,0.3014,0.625134,-3,,,,,,
0.9028,0.4291,0.0269,0.110763,,,,,,,
-0.1063,0.2833,-0.9531,-0.122058,,,,,,,
0,0,0,1,,,,,,,
0.5393,0.8358,0.1029,1.167155,-3,,,,,,
0.6202,-0.4768,0.6229,0.518995,,,,,,,
0.5697,-0.2721,-0.7755,0.352563,,,,,,,
0,0,0,1,,,,,,,
-0.986,-0.1168,-0.1186,0.93158,-3,,,,,,
-0.1664,0.6735,0.7202,0.47929,,,,,,,
-0.0042,0.7299,-0.6836,0.401767,,,,,,,
0,0,0,1,,,,,,,
-0.4752,-0.6172,-0.6271,0.172634,-3,,,,,,
-0.8482,0.1315,0.5132,0.616701,,,,,,,
-0.2342,0.7757,-0.586,-0.037942,,,,,,,
0,0,0,1,,,,,,,
0.8644,-0.4857,-0.1301,0.396615,1,-0.531373,-1.04174,1.22173,1.13446,-0.132995,0.118248
0.1875,0.0714,0.9797,0.672074,,,,,,,
-0.4666,-0.8712,0.1528,1.043032,,,,,,,
0,0,0,1,,,,,,,
0.989,-0.1264,-0.0763,0.886553,-3,,,,,,
0.129,0.4879,0.8633,0.378867,,,,,,,
-0.0719,-0.8637,0.4989,1.273932,,,,,,,
0,0,0,1,,,,,,,
-0.7639,-0.5534,-0.332,0.610841,-3,,,,,,
-0.1245,-0.3783,0.9173,1.215903,,,,,,,
-0.6332,0.7421,0.2201,0.582324,,,,,,,
0,0,0,1,,,,,,,
-0.8804,-0.4037,-0.2488,0.388426,-3,,,,,,
0.2644,-0.8534,0.4491,0.754562,,,,,,,
-0.3937,0.3296,0.8581,1.122244,,,,,,,
0,0,0,1,,,,,,,
0.7466,0.1253,-0.6534,0.354294,-3,,,,,,
0.2498,-0.9631,0.1007,0.313603,,,,,,,
-0.6166,-0.2384,-0.7503,0.322974,,,,,,,
0,0,0,1,,,,,,,
0.8343,0.3256,-0.4448,0.212019,-3,,,,,,
0.4219,0.1421,0.8954,0.395802,,,,,,,
0.3548,-0.9348,-0.0188,0.799064,,,,,,,
0,0,0,1,,,,,,,
-0.6813,0.668,-0.2992,0.539058,-3,,,,,,
0.2068,0.5678,0.7968,0.530614,,,,,,,
0.7022,0.481,-0.525,0.569832,,,,,,,
0,0,0,1,,,,,,,
-0.6271,0.7606,0.168,0.511576,-3,,,,,,
0.5431,0.2723,0.7942,0.578261,,,,,,,
0.5584,0.5893,-0.5839,-0.002661,,,,,,,
0,0,0,1,,,,,,,
0.4544,-0.8068,-0.3777,0.749733,-3,,,,,,
0.1034,-0.3734,0.9219,0.38236,,,,,,,
-0.8848,-0.458,-0.0862,0.929182,,,,,,,
0,0,0,1,,,,,,,
0.8352,0.2899,-0.4673,0.756959,-3,,,,,,
0.2912,-0.954,-0.0713,0.4186,,,,,,,
-0.4664,-0.0765,-0.8812,-0.195421,,,,,,,
0,0,0,1,,,,,,,
-0.4866,0.789,-0.3752,0.981271,-3,,,,,,
0.6029,0.6141,0.5094,0.575662,,,,,,,
0.6323,0.0216,-0.7744,0.172686,,,,,,,
0,0,0,1,,,,,,,
-0.7436,0.633,0.2155,0.99611,-3,,,,,,
0.6604,0.7457,0.0885,0.520263,,,,,,,
-0.1046,0.2082,-0.9725,-0.322007,,,,,,,
0,0,0,1,,,,,,,
0.5944,-0.7847,0.1757,1.556253,-3,,,,,,
-0.6791,-0.3729,0.6322,0.340183,,,,,,,
-0.4306,-0.4952,-0.7546,-0.019521,,,,,,,
0,0,0,1,,,,,,,
-0.1837,-0.039,-0.9822,0.115376,-3,,,,,,
-0.9829,-0.0091,0.1841,0.123401,,,,,,,
-0.0161,0.9992,-0.0367,1.007759,,,,,,,
0,0,0,1,,,,,,,
-0.2155,0.5266,-0.8224,0.17569,-3,,,,,,
-0.0311,0.838,0.5448,0.219382,,,,,,,
0.976,0.143,-0.1642,0.935461,,,,,,,
0,0,0,1,,,,,,,
0.1927,0.6665,-0.7202,1.112601,-3,,,,,,
0.7834,0.3375,0.5219,0.262055,,,,,,,
0.5909,-0.6648,-0.4571,-0.15589,,,,,,,
0,0,0,1,,,,,,,
0.6611,-0.1115,0.7419,1.506956,-3,,,,,,
0.3166,-0.855,-0.4107,0.185837,,,,,,,
0.6802,0.5064,-0.53,0.20744,,,,,,,
0,0,0,1,,,,,,,
-0.2469,0.5013,-0.8293,0.410843,-3,,,,,,
0.169,0.8649,0.4726,0.779435,,,,,,,
0.9542,-0.0234,-0.2983,0.506916,,,,,,,
0,0,0,1,,,,,,,
-0.8738,-0.3564,-0.3308,0.432346,-3,,,,,,
-0.0605,-0.5953,0.8012,0.439393,,,,,,,
-0.4825,0.7201,0.4986,1.331374,,,,,,,
0,0,0,1,,,,,,,
0.1092,-0.4464,0.8882,1.159859,-3,,,,,,
-0.8427,-0.5155,-0.1555,0.280946,,,,,,,
0.5272,-0.7315,-0.4324,-0.037413,,,,,,,
0,0,0,1,,,,,,,
0.9973,-0.0093,0.0732,0.931712,-3,,,,,,
-0.0702,-0.4265,0.9017,0.603561,,,,,,,
0.0229,-0.9044,-0.426,0.53644,,,,,,,
0,0,0,1,,,,,,,
0.5185,-0.1691,-0.8382,0.637836,1,-1.11349,-0.589449,0.505833,0.882768,-0.680678,1.06904
0.7615,-0.3546,0.5426,0.267805,,,,,,,
-0.3889,-0.9196,-0.0551,1.029822,,,,,,,
0,0,0,1,,,,,,,
0.8389,0.4555,-0.2978,0.773858,-3,,,,,,
0.119,0.3805,0.9171,0.538575,,,,,,,
0.5311,-0.8048,0.265,1.185862,,,,,,,
0,0,0,1,,,,,,,
-0.7684,0.6297,0.1145,1.522413,-3,,,,,,
0.6243,0.6981,0.3505,0.318043,,,,,,,
0.1408,0.3408,-0.9295,-0.05951,,,,,,,
0,0,0,1,,,,,,,
-0.8438,-0.2972,-0.4469,0.660706,-3,,,,,,
-0.5339,0.5506,0.6418,0.613629,,,,,,,
0.0553,0.7801,-0.6232,0.356209,,,,,,,
0,0,0,1,,,,,,,
0.8892,0.16,-0.4286,0.678663,1,-0.811282,-0.717513,0.789039,0.821077,0.121194,0.94153
0.2947,0.5162,0.8042,0.530692,,,,,,,
0.35,-0.8414,0.4119,1.12951,,,,,,,
0,0,0,1,,,,,,,
0.876,-0.1665,-0.4526,1.141604,-3,,,,,,
-0.3419,-0.8764,-0.3393,0.360207,,,,,,,
-0.3401,0.4519,-0.8247,-0.287895,,,,,,,
0,0,0,1,,,,,,,
0.3362,0.7847,-0.5208,0.455075,-3,,,,,,
0.8138,0.0363,0.58,0.514576,,,,,,,
0.4741,-0.6188,-0.6263,0.496547,,,,,,,
0,0,0,1,,,,,,,
-0.814,0.2077,-0.5424,0.855948,-3,,,,,,
-0.4219,0.4306,0.7979,0.90193,,,,,,,
0.3993,0.8783,-0.2629,0.72257,,,,,,,
0,0,0,1,,,,,,,
-0.4451,0.866,-0.228,0.366259,-3,,,,,,
0.8837,0.3835,-0.2685,0.266088,,,,,,,
-0.1451,-0.3209,-0.9359,-0.35928,,,,,,,
0,0,0,1,,,,,,,
0.7619,0.4893,-0.4244,0.803222,1,-1.06459,-0.941128,1.22173,0.778228,0.103951,1.70475
0.3265,0.2757,0.9041,0.387446,,,,,,,
0.5594,-0.8274,0.0503,1.087542,,,,,,,
0,0,0,1,,,,,,,
0.3896,0.0325,-0.9204,-0.073698,1,0.0939108,0.512786,-0.173132,-0.205068,-0.195034,1.10721
0.1545,0.9829,0.1001,0.204136,,,,,,,
0.9079,-0.1812,0.3779,1.036107,,,,,,,
0,0,0,1,,,,,,,
-0.8398,-0.3851,-0.3826,0.765311,-3,,,,,,
-0.376,0.921,-0.1017,-0.033619,,,,,,,
0.3916,0.0585,-0.9183,0.301391,,,,,,,
0,0,0,1,,,,,,,
0.6526,-0.0258,0.7572,1.189678,-3,,,,,,
0.141,-0.9778,-0.1548,0.504402,,,,,,,
0.7444,0.2079,-0.6345,-0.040622,,,,,,,
0,0,0,1,,,,,,,
-0.1085,-0.8087,-0.5781,0.294927,-3,,,,,,
-0.7638,0.44,-0.4723,-0.115196,,,,,,,
0.6363,0.3903,-0.6654,0.196318,,,,,,,
0,0,0,1,,,,,,,
-0.7364,-0.6756,-0.0343,0.518896,-3,,,,,,
-0.0348,-0.0128,0.9993,0.626884,,,,,,,
-0.6756,0.7371,-0.014,0.969099,,,,,,,
0,0,0,1,,,,,,,
0.4292,-0.082,-0.8995,-0.167071,1,0.47423,0.443743,-0.698132,-0.610865,1.11119,0.879775
-0.8995,-0.1285,-0.4175,0.017472,,,,,,,
-0.0814,0.9883,-0.129,0.604548,,,,,,,
0,0,0,1,,,,,,,
0.7394,-0.4767,-0.4755,0.705655,-3,,,,,,
-0.3715,-0.8778,0.3024,0.348432,,,,,,,
-0.5615,-0.0469,-0.8261,0.433475,,,,,,,
0,0,0,1,,,,,,,
-0.6344,0.3886,0.6682,1.043739,-3,,,,,,
0.6613,0.7205,0.2088,0.63552,,,,,,,
-0.4003,0.5744,-0.7141,-0.232426,,,,,,,
0,0,0,1,,,,,,,
-0.6541,0.7053,0.2732,0.445672,-3,,,,,,
0.36,-0.0274,0.9325,0.853964,,,,,,,
0.6652,0.7084,-0.236,0.502938,,,,,,,
0,0,0,1,,,,,,,
-0.113,-0.935,0.3361,0.736764,-3,,,,,,
-0.3951,0.3526,0.8483,0.601818,,,,,,,
-0.9117,-0.037,-0.4093,0.255651,,,,,,,
0,0,0,1,,,,,,,
0.0004,-0.7225,0.6914,1.326406,-3,,,,,,
-0.2784,0.664,0.694,0.655151,,,,,,,
-0.9605,-0.1927,-0.2009,0.71217,,,,,,,
0,0,0,1,,,,,,,
-0.9593,0.0868,-0.2687,1.097499,-3,,,,,,
0.084,0.9962,0.022,0.311067,,,,,,,
0.2696,-0.0015,-0.963,0.074718,,,,,,,
0,0,0,1,,,,,,,
0.4179,-0.8019,-0.427,0.569855,-3,,,,,,
-0.7378,-0.5738,0.3556,0.700756,,,,,,,
-0.5302,0.1665,-0.8314,0.329556,,,,,,,
0,0,0,1,,,,,,,
0.8167,-0.5715,0.08,0.615077,-3,,,,,,
-0.5758,-0.8162,0.0471,0.44736,,,,,,,
0.0383,-0.0845,-0.9957,-0.179473,,,,,,,
0,0,0,1,,,,,,,
-0.998,-0.0595,-0.0212,0.861637,-3,,,,,,
-0.0563,0.6859,0.7255,0.870934,,,,,,,
-0.0286,0.7252,-0.6879,0.051919,,,,,,,
0,0,0,1,,,,,,,
0.111,-0.7971,0.5936,1.54073,-3,,,,,,
-0.9088,-0.3232,-0.264,0.245859,,,,,,,
0.4022,-0.5101,-0.7603,0.240944,,,,,,,
0,0,0,1,,,,,,,
0.889,0.4386,0.1312,0.993299,-3,,,,,,
-0.1356,-0.0215,0.9905,0.566925,,,,,,,
0.4373,-0.8984,0.0404,1.070942,,,,,,,
0,0,0,1,,,,,,,
0.7631,0.6355,0.1177,0.957141,-3,,,,,,
0.3082,-0.5179,0.798,0.622946,,,,,,,
0.5681,-0.5727,-0.591,0.394994,,,,,,,
0,0,0,1,,,,,,,
-0.545,-0.6355,-0.5469,-0.007372,-3,,,,,,
-0.7929,0.6027,0.0897,0.333977,,,,,,,
0.2726,0.4825,-0.8324,-0.031151,,,,,,,
0,0,0,1,,,,,,,
0.7605,0.6192,0.1956,0.835445,-3,,,,,,
-0.3439,0.1284,0.9302,1.221709,,,,,,,
0.5508,-0.7747,0.3106,0.623125,,,,,,,
0,0,0,1,,,,,,,
0.0251,-0.3802,-0.9245,-0.060262,-3,,,,,,
0.9847,0.169,-0.0428,0.044797,,,,,,,
0.1725,-0.9093,0.3787,1.062387,,,,,,,
0,0,0,1,,,,,,,
0.4948,-0.2665,-0.8271,0.485478,1,-0.815916,-0.299989,1.04373,-0.419823,-0.175299,0.995315
0.801,0.5091,0.3152,0.421192,,,,,,,
0.3371,-0.8184,0.4654,1.201391,,,,,,,
0,0,0,1,,,,,,,
0.8081,-0.3314,0.4871,0.915415,-3,,,,,,
-0.5601,-0.6885,0.4608,0.544549,,,,,,,
0.1826,-0.6452,-0.7419,-0.206259,,,,,,,
0,0,0,1,,,,,,,
-0.842,0.0076,0.5394,0.87343,-3,,,,,,
-0.1269,0.9691,-0.2117,0.067621,,,,,,,
-0.5243,-0.2467,-0.815,-0.206757,,,,,,,
0,0,0,1,,,,,,,
-0.359,0.8636,0.354,1.293874,-3,,,,,,
0.7193,0.4977,-0.4848,-0.087751,,,,,,,
-0.5948,0.0806,-0.7998,0.319508,,,,,,,
0,0,0,1,,,,,,,
-0.0642,0.9953,-0.0724,0.781421,-3,,,,,,
0.6944,-0.0075,-0.7195,0.181282,,,,,,,
-0.7167,-0.0964,-0.6907,-0.179912,,,,,,,
0,0,0,1,,,,,,,
0.0456,-0.9569,-0.2869,0.609292,-3,,,,,,
-0.9425,-0.1364,0.3052,0.556048,,,,,,,
-0.3311,0.2565,-0.9081,-0.054819,,,,,,,
0,0,0,1,,,,,,,
0.7517,0.6587,0.032,1.07455,-3,,,,,,
0.4249,-0.5209,0.7403,0.459275,,,,,,,
0.5043,-0.5429,-0.6715,0.47471,,,,,,,
0,0,0,1,,,,,,,
0.2641,-0.5394,-0.7995,0.468761,-3,,,,,,
0.4263,-0.6783,0.5984,0.361953,,,,,,,
-0.8652,-0.4989,0.0509,0.894988,,,,,,,
0,0,0,1,,,,,,,
-0.0601,0.2973,-0.9529,0.483959,-3,,,,,,
-0.8749,-0.4752,-0.0931,0.056488,,,,,,,
-0.4805,0.8281,0.2887,0.955006,,,,,,,
0,0,0,1,,,,,,,
-0.8724,-0.488,0.0285,0.832845,-3,,,,,,
-0.4793,0.8425,-0.2458,0.467946,,,,,,,
0.0959,-0.2281,-0.9689,-0.008763,,,,,,,
0,0,0,1,,,,,,,
-0.9132,0.3674,-0.1763,0.310713,-3,,,,,,
0.0568,0.5432,0.8377,0.553248,,,,,,,
0.4036,0.755,-0.5169,0.283557,,,,,,,
0,0,0,1,,,,,,,
0.6041,0.7439,-0.2859,0.993548,-3,,,,,,
0.505,-0.0797,0.8595,0.634667,,,,,,,
0.6165,-0.6636,-0.4238,0.763312,,,,,,,
0,0,0,1,,,,,,,
0.8964,0.2941,-0.3315,0.119377,1,-0.642445,-1.5707,-0.678339,-0.462873,-0.680678,-0.66437
0.1808,-0.9256,-0.3324,-0.097627,,,,,,,
-0.4046,0.238,-0.883,0.020837,,,,,,,
0,0,0,1,,,,,,,
-0.0607,0.6436,-0.763,0.270696,-3,,,,,,
0.9772,0.1943,0.0862,0.471974,,,,,,,
0.2037,-0.7403,-0.6407,0.014285,,,,,,,
0,0,0,1,,,,,,,
-0.1334,-0.8725,-0.4701,1.147275,-3,,,,,,
-0.9348,-0.0469,0.3522,0.36125,,,,,,,
-0.3293,0.4864,-0.8093,-0.057316,,,,,,,
0,0,0,1,,,,,,,
-0.0535,-0.5327,0.8446,1.512874,-3,,,,,,
-0.9707,-0.1707,-0.1692,0.603582,,,,,,,
0.2343,-0.8289,-0.508,-0.048119,,,,,,,
0,0,0,1,,,,,,,
0.6027,-0.3666,0.7087,1.483546,-3,,,,,,
-0.4539,-0.888,-0.0734,0.415794,,,,,,,
0.6563,-0.2775,-0.7016,0.029565,,,,,,,
0,0,0,1,,,,,,,
0.7922,0.5132,0.3302,1.352276,-3,,,,,,
0.0392,-0.5828,0.8116,0.592603,,,,,,,
0.609,-0.6301,-0.4819,0.607614,,,,,,,
0,0,0,1,,,,,,,
-0.3516,-0.471,-0.8091,0.220045,-3,,,,,,
-0.6792,0.7231,-0.1258,-0.019532,,,,,,,
0.6443,0.5053,-0.5741,0.588451,,,,,,,
0,0,0,1,,,,,,,
0.4601,-0.7892,-0.4068,0.166625,1,-0.491602,0.319881,0.300925,-0.303069,-0.542238,0.306015
0.8858,0.4391,0.1499,0.242383,,,,,,,
0.0603,-0.4293,0.9011,1.267083,,,,,,,
0,0,0,1,,,,,,,
-0.0564,-0.2579,-0.9645,0.585218,-3,,,,,,
-0.1615,-0.951,0.2637,0.112199,,,,,,,
-0.9853,0.1707,0.012,1.024594,,,,,,,
0,0,0,1,,,,,,,
0.2859,0.9027,0.3216,1.562755,-3,,,,,,
0.7402,0.0051,-0.6724,-0.158014,,,,,,,
-0.6086,0.4303,-0.6667,0.266588,,,,,,,
0,0,0,1,,,,,,,
-0.6358,-0.5445,-0.547,1.03275,-3,,,,,,
-0.7375,0.6377,0.2224,0.511406,,,,,,,
0.2277,0.5448,-0.807,-0.061987,,,,,,,
0,0,0,1,,,,,,,
0.431,-0.856,-0.2856,1.353743,-3,,,,,,
-0.8993,-0.4334,-0.0584,0.182156,,,,,,,
-0.0738,0.282,-0.9566,-0.233691,,,,,,,
0,0,0,1,,,,,,,
0.566,0.4996,-0.6558,0.198207,-3,,,,,,
-0.7297,0.6738,-0.1165,0.320431,,,,,,,
0.3837,0.5445,0.7459,1.271919,,,,,,,
0,0,0,1,,,,,,,
0.0658,-0.9091,-0.4113,0.813902,-3,,,,,,
-0.2441,0.385,-0.8901,-0.086001,,,,,,,
0.9675,0.1589,-0.1966,0.070142,,,,,,,
0,0,0,1,,,,,,,
0.1929,-0.9638,-0.184,0.528705,-3,,,,,,
-0.9504,-0.2302,0.2094,0.515764,,,,,,,
-0.2441,0.1345,-0.9604,-0.051992,,,,,,,
0,0,0,1,,,,,,,
-0.8023,-0.275,0.5298,1.333794,-3,,,,,,
-0.4431,0.8691,-0.2199,-0.01804,,,,,,,
-0.4,-0.4112,-0.8191,0.354549,,,,,,,
0,0,0,1,,,,,,,
0.1877,-0.7732,0.6058,0.764354,-3,,,,,,
-0.9436,0.0294,0.3299,0.370389,,,,,,,
-0.2729,-0.6335,-0.724,-0.00604,,,,,,,
0,0,0,1,,,,,,,
-0.9301,-0.3223,0.1763,0.585826,-3,,,,,,
0.0465,0.3728,0.9267,0.595303,,,,,,,
-0.3644,0.8701,-0.3318,0.367821,,,,,,,
0,0,0,1,,,,,,,
0.3722,-0.9276,0.0308,1.475796,-3,,,,,,
-0.3258,-0.1617,-0.9315,-0.189185,,,,,,,
0.8691,0.3367,-0.3624,0.021567,,,,,,,
0,0,0,1,,,,,,,
-0.6359,0.7366,-0.2303,1.365414,-3,,,,,,
0.6797,0.6759,0.2849,0.611822,,,,,,,
0.3655,0.0246,-0.9305,-0.242912,,,,,,,
0,0,0,1,,,,,,,
0.5695,0.6929,-0.4423,0.856031,-3,,,,,,
0.5353,0.0958,0.8392,0.843798,,,,,,,
0.6239,-0.7147,-0.3163,0.431242,,,,,,,
0,0,0,1,,,,,,,
-0.7056,-0.4153,-0.5741,0.236833,-3,,,,,,
-0.0813,-0.7574,0.6479,0.946088,,,,,,,
-0.7039,0.5038,0.5007,0.751436,,,,,,,
0,0,0,1,,,,,,,
-0.0398,0.885,-0.4639,0.570112,-3,,,,,,
0.5017,0.4192,0.7567,1.063257,,,,,,,
0.8641,-0.2027,-0.4607,0.127553,,,,,,,
0,0,0,1,,,,,,,
-0.2649,0.8838,-0.3858,0.890759,-3,,,,,,
-0.3513,0.2841,0.8921,0.774357,,,,,,,
0.898,0.3718,0.2352,0.970347,,,,,,,
0,0,0,1,,,,,,,
-0.5808,0.4212,-0.6966,0.624049,-3,,,,,,
0.0634,0.8766,0.4771,0.383435,,,,,,,
0.8115,0.2329,-0.5359,0.468517,,,,,,,
0,0,0,1,,,,,,,
0.2277,-0.9617,-0.1526,1.326211,-3,,,,,,
-0.9287,-0.1673,-0.3309,0.187718,,,,,,,
0.2927,0.2171,-0.9312,-0.0706,,,,,,,
0,0,0,1,,,,,,,
-0.4162,0.6724,-0.6121,0.313748,-3,,,,,,
-0.4626,0.423,0.7791,1.007771,,,,,,,
0.7828,0.6074,0.135,0.746927,,,,,,,
0,0,0,1,,,,,,,
0.9793,0.1324,-0.1529,0.791453,-3,,,,,,
0.1921,-0.846,0.4974,0.916125,,,,,,,
-0.0635,-0.5165,-0.8539,0.233193,,,,,,,
0,0,0,1,,,,,,,
-0.8185,-0.4232,-0.3886,0.61667,-3,,,,,,
-0.3915,0.9058,-0.1619,0.008434,,,,,,,
0.4205,0.0196,-0.9071,0.367403,,,,,,,
0,0,0,1,,,,,,,
0.7185,0.3361,-0.609,0.212122,-3,,,,,,
0.532,0.2986,0.7924,0.321383,,,,,,,
0.4481,-0.8933,0.0357,0.757135,,,,,,,
0,0,0,1,,,,,,,
-0.8249,0.235,-0.5141,1.266823,-3,,,,,,
0.133,0.9647,0.2274,0.335893,,,,,,,
0.5494,0.1192,-0.827,-0.314366,,,,,,,
0,0,0,1,,,,,,,
0.3251,0.7732,-0.5445,0.61555,-3,,,,,,
-0.1674,0.6138,0.7715,0.637445,,,,,,,
0.9308,-0.1597,0.3289,1.265706,,,,,,,
0,0,0,1,,,,,,,
-0.5703,-0.3674,0.7347,1.179706,-3,,,,,,
-0.1592,0.9269,0.34,0.828712,,,,,,,
-0.8058,0.0769,-0.5871,0.003095,,,,,,,
0,0,0,1,,,,,,,
-0.7076,-0.7007,-0.0909,0.241457,-3,,,,,,
-0.5525,0.4685,0.6894,0.388294,,,,,,,
-0.4405,0.538,-0.7187,-0.080387,,,,,,,
0,0,0,1,,,,,,,
-0.6922,0.6349,-0.3432,0.687632,-3,,,,,,
-0.0086,0.4682,0.8836,1.052816,,,,,,,
0.7217,0.6146,-0.3186,0.269288,,,,,,,
0,0,0,1,,,,,,,
0.6398,0.1189,0.7592,1.410839,-3,,,,,,
0.1625,-0.9866,0.0176,0.318599,,,,,,,
0.7511,0.1121,-0.6506,0.302171,,,,,,,
0,0,0,1,,,,,,,
-0.4323,0.1683,-0.8859,0.177486,-3,,,,,,
-0.8999,-0.1429,0.412,0.322202,,,,,,,
-0.0572,0.9753,0.2132,0.931147,,,,,,,
0,0,0,1,,,,,,,
0.8246,0.1702,-0.5395,0.633028,-3,,,,,,
0.5525,-0.4477,0.7031,0.553191,,,,,,,
-0.1219,-0.8778,-0.4633,0.635166,,,,,,,
0,0,0,1,,,,,,,
0.2866,0.9154,-0.2829,0.539074,-3,,,,,,
-0.5928,0.4013,0.6983,0.864563,,,,,,,
0.7527,-0.0324,0.6576,1.21168,,,,,,,
0,0,0,1,,,,,,,
-0.4247,0.4072,-0.8086,-0.024273,-3,,,,,,
0.7903,0.6025,-0.1117,0.4417,,,,,,,
0.4417,-0.6864,-0.5777,0.18715,,,,,,,
0,0,0,1,,,,,,,
0.254,-0.8903,-0.3779,0.800691,-3,,,,,,
-0.0817,-0.4091,0.9088,0.854761,,,,,,,
-0.9637,-0.2,-0.1766,0.651018,,,,,,,
0,0,0,1,,,,,,,
0.9885,-0.0171,0.1504,0.87588,-3,,,,,,
-0.1411,-0.4637,0.8747,0.457287,,,,,,,
0.0548,-0.8858,-0.4608,0.515815,,,,,,,
0,0,0,1,,,,,,,
-0.4569,-0.2899,-0.841,0.442762,-3,,,,,,
-0.77,0.6022,0.2108,0.358751,,,,,,,
0.4453,0.7439,-0.4984,0.509903,,,,,,,
0,0,0,1,,,,,,,
0.3745,-0.8164,0.4395,0.734576,-3,,,,,,
-0.474,0.2388,0.8475,0.989018,,,,,,,
-0.7969,-0.5257,-0.2976,0.214635,,,,,,,
0,0,0,1,,,,,,,
0.8055,0.534,-0.257,0.986201,-3,,,,,,
0.5552,-0.5282,0.6425,0.503782,,,,,,,
0.2073,-0.6602,-0.7219,0.471222,,,,,,,
0,0,0,1,,,,,,,
-0.664,-0.7422,0.0909,0.595835,-3,,,,,,
-0.7166,0.6663,0.2063,0.192664,,,,,,,
-0.2137,0.0719,-0.9743,-0.303506,,,,,,,
0,0,0,1,,,,,,,
0.2818,0.333,-0.8998,0.186428,1,-0.628901,0.218286,-0.09851,0.375037,0.248303,1.54858
0.2989,0.8607,0.4121,0.367008,,,,,,,
0.9117,-0.3851,0.143,1.104972,,,,,,,
0,0,0,1,,,,,,,
-0.9368,-0.0773,-0.3412,0.474053,-3,,,,,,
-0.2212,0.8864,0.4066,0.514279,,,,,,,
0.271,0.4563,-0.8475,-0.017506,,,,,,,
0,0,0,1,,,,,,,
-0.9529,-0.2917,0.0831,0.51802,-3,,,,,,
-0.0321,0.3696,0.9286,0.672809,,,,,,,
-0.3016,0.8822,-0.3616,0.232688,,,,,,,
0,0,0,1,,,,,,,
-0.6907,-0.0257,-0.7227,0.502921,-3,,,,,,
-0.7231,0.0109,0.6907,0.375956,,,,,,,
-0.0099,0.9996,-0.0261,0.87859,,,,,,,
0,0,0,1,,,,,,,
0.2121,-0.9727,-0.0942,1.055668,-3,,,,,,
-0.3508,-0.1657,0.9217,0.946699,,,,,,,
-0.9121,-0.1624,-0.3764,0.628224,,,,,,,
0,0,0,1,,,,,,,
-0.9306,0.1654,-0.3265,0.355153,-3,,,,,,
-0.0381,0.8433,0.536,0.485585,,,,,,,
0.364,0.5113,-0.7785,-0.2117,,,,,,,
0,0,0,1,,,,,,,
0.4373,-0.225,-0.8707,0.484006,-3,,,,,,
0.0814,0.9741,-0.2108,0.00629,,,,,,,
0.8956,0.0213,0.4443,1.136797,,,,,,,
0,0,0,1,,,,,,,
-0.3276,-0.9109,0.2509,0.377464,-3,,,,,,
-0.3046,0.3532,0.8846,0.771478,,,,,,,
-0.8944,0.2134,-0.3932,0.212173,,,,,,,
0,0,0,1,,,,,,,
-0.2001,0.5624,-0.8023,0.597325,-3,,,,,,
-0.6608,0.5271,0.5343,0.334639,,,,,,,
0.7233,0.6371,0.2662,1.173783,,,,,,,
0,0,0,1,,,,,,,
-0.4982,0.7449,0.4438,0.798817,-3,,,,,,
0.7105,0.0573,0.7013,0.601343,,,,,,,
0.497,0.6647,-0.5578,0.301272,,,,,,,
0,0,0,1,,,,,,,
0.3141,0.2299,-0.9211,0.46532,-3,,,,,,
-0.7822,0.6126,-0.1139,0.032471,,,,,,,
0.5381,0.7563,0.3722,1.290384,,,,,,,
0,0,0,1,,,,,,,
0.3121,0.027,-0.9497,0.176263,-3,,,,,,
-0.1616,0.9865,-0.0251,0.0464,,,,,,,
0.9362,0.1613,0.3123,1.199342,,,,,,,
0,0,0,1,,,,,,,
0.8941,0.3997,-0.202,0.725501,-3,,,,,,
0.3632,-0.3833,0.8492,1.060595,,,,,,,
0.262,-0.8327,-0.4879,-0.016595,,,,,,,
0,0,0,1,,,,,,,
0.8527,0.5224,0.0037,0.891459,-3,,,,,,
0.0981,-0.1671,0.9811,0.509467,,,,,,,
0.5131,-0.8362,-0.1937,0.895968,,,,,,,
0,0,0,1,,,,,,,
-0.4132,0.6754,0.6108,1.349591,-3,,,,,,
0.902,0.3957,0.1725,0.137414,,,,,,,
-0.1252,0.6222,-0.7728,0.47474,,,,,,,
0,0,0,1,,,,,,,
0.3288,-0.5764,-0.7481,0.284439,-3,,,,,,
0.285,-0.6946,0.6605,0.69531,,,,,,,
-0.9004,-0.4303,-0.0641,0.813597,,,,,,,
0,0,0,1,,,,,,,
-0.4554,-0.7819,0.4257,1.1477,-3,,,,,,
-0.8459,0.5291,0.067,0.53708,,,,,,,
-0.2776,-0.3296,-0.9024,-0.06111,,,,,,,
0,0,0,1,,,,,,,
-0.9404,-0.3375,0.041,1.612081,-3,,,,,,
-0.2941,0.868,0.4002,0.20971,,,,,,,
-0.1707,0.3643,-0.9155,-0.003432,,,,,,,
0,0,0,1,,,,,,,
0.7361,0.1523,-0.6595,0.658725,-3,,,,,,
0.2516,0.8429,0.4756,0.942397,,,,,,,
0.6283,-0.516,0.5822,1.062074,,,,,,,
0,0,0,1,,,,,,,
0.989,0.1473,0.0126,1.257146,-3,,,,,,
0.1355,-0.8691,-0.4756,0.137899,,,,,,,
-0.0591,0.4721,-0.8796,0.093294,,,,,,,
0,0,0,1,,,,,,,
0.0162,0.0043,-0.9999,-0.248859,-3,,,,,,
-0.5111,-0.8594,-0.0119,0.056767,,,,,,,
-0.8594,0.5112,-0.0117,0.516405,,,,,,,
0,0,0,1,,,,,,,
0.9524,-0.0616,-0.2987,0.639796,-3,,,,,,
-0.0367,-0.9954,0.088,0.105661,,,,,,,
-0.3028,-0.0728,-0.9503,0.323028,,,,,,,
0,0,0,1,,,,,,,
-0.3095,-0.6193,0.7216,1.430499,-3,,,,,,
-0.7773,-0.2724,-0.5672,-0.069326,,,,,,,
0.5478,-0.7364,-0.3971,0.442829,,,,,,,
0,0,0,1,,,,,,,
-0.555,-0.5144,-0.6538,0.293479,-3,,,,,,
-0.5822,0.8015,-0.1364,0.378123,,,,,,,
0.5942,0.3049,-0.7443,-0.019916,,,,,,,
0,0,0,1,,,,,,,
-0.1939,-0.9787,0.0669,1.143132,-3,,,,,,
-0.657,0.1802,0.732,0.878633,,,,,,,
-0.7285,0.0979,-0.678,0.514807,,,,,,,
0,0,0,1,,,,,,,
0.8111,0.2077,-0.5468,0.756869,-3,,,,,,
0.5849,-0.2906,0.7573,1.093443,,,,,,,
-0.0016,-0.934,-0.3571,0.448756,,,,,,,
0,0,0,1,,,,,,,
0.7656,0.5342,0.3585,0.796273,-3,,,,,,
0.4338,-0.8402,0.3254,0.536292,,,,,,,
0.4751,-0.0936,-0.875,-0.159157,,,,,,,
0,0,0,1,,,,,,,
-0.9588,0.081,-0.2722,0.273053,-3,,,,,,
-0.1773,0.5776,0.7968,0.495004,,,,,,,
0.2218,0.8123,-0.5395,0.176171,,,,,,,
0,0,0,1,,,,,,,
0.7865,-0.1728,-0.5929,0.721207,1,-0.835805,-1.06894,1.01819,1.13241,-0.543387,0.782619
0.5636,-0.1915,0.8035,0.56258,,,,,,,
-0.2524,-0.9661,-0.0532,0.78209,,,,,,,
0,0,0,1,,,,,,,
-0.397,0.8864,0.2381,1.086826,-3,,,,,,
0.093,-0.2193,0.9712,0.519023,,,,,,,
0.9131,0.4077,0.0046,0.952544,,,,,,,
0,0,0,1,,,,,,,
-0.9193,-0.0542,-0.3897,0.392599,-3,,,,,,
-0.2848,0.7752,0.5639,0.650325,,,,,,,
0.2716,0.6294,-0.7281,0.403747,,,,,,,
0,0,0,1,,,,,,,
-0.2966,-0.872,-0.3893,0.821,-3,,,,,,
0.2874,-0.4703,0.8344,0.325441,,,,,,,
-0.9107,0.1356,0.3902,1.258055,,,,,,,
0,0,0,1,,,,,,,
-0.4841,0.8737,-0.0475,0.594964,-3,,,,,,
0.6402,0.3906,0.6615,0.742978,,,,,,,
0.5965,0.2898,-0.7484,0.022429,,,,,,,
0,0,0,1,,,,,,,
0.1474,0.9124,0.3819,1.56773,-3,,,,,,
0.9889,-0.1298,-0.0717,0.055505,,,,,,,
-0.0158,0.3882,-0.9214,0.131885,,,,,,,
0,0,0,1,,,,,,,
-0.3647,0.9226,-0.1257,0.405626,-3,,,,,,
0.9116,0.3813,0.1536,0.151233,,,,,,,
0.1897,-0.0586,-0.9801,-0.261811,,,,,,,
0,0,0,1,,,,,,,
-0.3939,0.7491,0.5327,1.328291,-3,,,,,,
0.8894,0.457,0.015,0.68852,,,,,,,
-0.2322,0.4797,-0.8462,-0.286089,,,,,,,
0,0,0,1,,,,,,,
0.9305,0.2759,0.2409,1.057797,-3,,,,,,
0.0396,-0.7297,0.6827,0.773315,,,,,,,
0.3641,-0.6257,-0.6899,0.182619,,,,,,,
0,0,0,1,,,,,,,
0.9796,-0.0862,-0.1813,0.354852,-3,,,,,,
0.0158,-0.8672,0.4977,0.375893,,,,,,,
-0.2001,-0.4905,-0.8482,0.263271,,,,,,,
0,0,0,1,,,,,,,
0.7043,-0.7099,-0.0024,0.815037,-3,,,,,,
-0.2568,-0.2579,0.9314,0.41104,,,,,,,
-0.6619,-0.6553,-0.3639,0.544777,,,,,,,
0,0,0,1,,,,,,,
0.0229,-0.9961,0.0856,0.837478,-3,,,,,,
-0.7882,0.0347,0.6144,0.293442,,,,,,,
-0.615,-0.0815,-0.7843,0.301123,,,,,,,
0,0,0,1,,,,,,,
-0.639,0.2334,-0.7329,0.120128,-3,,,,,,
-0.7582,-0.0308,0.6513,0.714315,,,,,,,
0.1295,0.9719,0.1966,0.927237,,,,,,,
0,0,0,1,,,,,,,
-0.0002,0.9284,0.3717,0.573973,-3,,,,,,
0.5323,-0.3146,0.7859,0.632442,,,,,,,
0.8465,0.198,-0.4941,-0.189637,,,,,,,
0,0,0,1,,,,,,,
-0.4395,0.4111,0.7986,1.226791,-3,,,,,,
0.8862,0.3436,0.3108,0.304365,,,,,,,
-0.1466,0.8443,-0.5154,0.406723,,,,,,,
0,0,0,1,,,,,,,
-0.5222,-0.4798,-0.7051,0.487353,-3,,,,,,
-0.7214,-0.1925,0.6653,0.551921,,,,,,,
-0.4549,0.856,-0.2456,0.640273,,,,,,,
0,0,0,1,,,,,,,
0.2338,0.6046,0.7614,1.22064,-3,,,,,,
0.3292,-0.7861,0.5231,0.680816,,,,,,,
0.9149,0.1283,-0.3828,0.374003,,,,,,,
0,0,0,1,,,,,,,
-0.7536,-0.3598,-0.5501,0.392125,-3,,,,,,
-0.3766,-0.4494,0.81,0.977512,,,,,,,
-0.5387,0.8176,0.2032,0.889832,,,,,,,
0,0,0,1,,,,,,,
0.9067,0.0831,-0.4136,0.261753,1,-0.308383,-0.790377,0.702313,1.03006,-0.148826,0.554844
0.3184,0.5082,0.8002,0.733064,,,,,,,
0.2766,-0.8572,0.4343,1.00476,,,,,,,
0,0,0,1,,,,,,,
-0.3465,0.8537,0.3888,0.751655,-3,,,,,,
0.9189,0.3922,-0.0423,0.324394,,,,,,,
-0.1886,0.3426,-0.9203,-0.068802,,,,,,,
0,0,0,1,,,,,,,
-0.2703,-0.8584,-0.4359,1.006833,-3,,,,,,
-0.8921,0.053,0.4487,0.961219,,,,,,,
-0.3621,0.5102,-0.7801,-0.050808,,,,,,,
0,0,0,1,,,,,,,
0.055,0.9714,0.2308,1.543536,-3,,,,,,
0.986,-0.0893,0.1407,0.2747,,,,,,,
0.1573,0.2199,-0.9628,0.190633,,,,,,,
0,0,0,1,,,,,,,
-0.8729,-0.3252,0.3636,0.79144,-3,,,,,,
0.4356,-0.184,0.8812,1.169962,,,,,,,
-0.2197,0.9276,0.3023,0.575123,,,,,,,
0,0,0,1,,,,,,,
-0.2559,0.9667,0.0003,0.899479,-3,,,,,,
0.4406,0.1169,-0.89,0.006735,,,,,,,
-0.8604,-0.2276,-0.4559,-0.094672,,,,,,,
0,0,0,1,,,,,,,
-0.3501,0.7788,0.5205,1.329026,-3,,,,,,
0.59,0.6149,-0.5232,-0.047805,,,,,,,
-0.7275,0.1239,-0.6748,0.319095,,,,,,,
0,0,0,1,,,,,,,
-0.8046,-0.3332,-0.4915,0.153739,1,-1.53705,-1.28472,-0.698132,-0.365787,1.15153,0.272536
-0.2192,0.936,-0.2755,0.137348,,,,,,,
0.5518,-0.114,-0.8261,0.122329,,,,,,,
0,0,0,1,,,,,,,
0.263,-0.0444,-0.9638,-0.151868,-3,,,,,,
-0.5345,-0.8383,-0.1073,-0.018274,,,,,,,
-0.8032,0.5433,-0.2442,0.656501,,,,,,,
0,0,0,1,,,,,,,
0.8378,0.0237,-0.5455,0.580058,-3,,,,,,
0.0327,-0.9994,0.0068,0.558473,,,,,,,
-0.545,-0.0235,-0.8381,-0.159167,,,,,,,
0,0,0,1,,,,,,,
0.0764,-0.3468,-0.9348,0.165463,-3,,,,,,
-0.0317,0.9362,-0.3499,-0.006697,,,,,,,
0.9966,0.0564,0.0605,0.825041,,,,,,,
0,0,0,1,,,,,,,
-0.0738,0.8776,0.4737,1.366317,-3,,,,,,
0.967,-0.0532,0.2492,0.877655,,,,,,,
0.2439,0.4765,-0.8447,-0.056547,,,,,,,
0,0,0,1,,,,,,,
0.7202,0.0262,0.6933,1.18578,-3,,,,,,
-0.4006,-0.8002,0.4464,0.67665,,,,,,,
0.5664,-0.5992,-0.5658,0.109063,,,,,,,
0,0,0,1,,,,,,,
0.8821,0.1352,-0.4513,0.825495,-3,,,,,,
0.3753,0.3773,0.8466,0.451542,,,,,,,
0.2848,-0.9162,0.2821,1.235113,,,,,,,
0,0,0,1,,,,,,,
-0.2647,0.4752,-0.8391,0.021126,-3,,,,,,
-0.9392,-0.3243,0.1126,0.218761,,,,,,,
-0.2186,0.8179,0.5322,1.160074,,,,,,,
0,0,0,1,,,,,,,
0.2649,-0.7283,-0.632,-0.032549,-3,,,,,,
-0.9624,-0.2409,-0.1257,0.119787,,,,,,,
-0.0607,0.6415,-0.7647,-0.197116,,,,,,,
0,0,0,1,,,,,,,
-0.9665,-0.1706,0.1917,0.452764,-3,,,,,,
-0.0261,0.8087,0.5877,0.625584,,,,,,,
-0.2553,0.563,-0.786,-0.185999,,,,,,,
0,0,0,1,,,,,,,
0.1564,-0.9801,-0.1219,0.403081,-3,,,,,,
-0.9873,-0.1516,-0.0483,0.208724,,,,,,,
0.0289,0.1279,-0.9914,-0.202495,,,,,,,
0,0,0,1,,,,,,,
0.8298,-0.2407,-0.5035,1.296378,-3,,,,,,
-0.5139,-0.6815,-0.5211,-0.082635,,,,,,,
-0.2177,0.6911,-0.6892,-0.179954,,,,,,,
0,0,0,1,,,,,,,
-0.8285,-0.5337,-0.1697,0.499575,-3,,,,,,
-0.5476,0.7086,0.4451,0.663096,,,,,,,
-0.1173,0.4617,-0.8793,-0.007028,,,,,,,
0,0,0,1,,,,,,,
0.7973,0.3249,0.5086,1.153897,-3,,,,,,
-0.4398,-0.2644,0.8583,0.587957,,,,,,,
0.4133,-0.908,-0.068,0.838962,,,,,,,
0,0,0,1,,,,,,,
-0.8732,-0.38,0.3053,1.106171,-3,,,,,,
-0.1976,0.8485,0.4909,0.608507,,,,,,,
-0.4456,0.3683,-0.816,0.148254,,,,,,,
0,0,0,1,,,,,,,
-0.3798,-0.9112,-0.1596,0.334211,-3,,,,,,
-0.9237,0.383,0.0112,0.362809,,,,,,,
0.0509,0.1517,-0.9871,-0.207467,,,,,,,
0,0,0,1,,,,,,,
0.3473,0.854,0.3875,1.295075,-3,,,,,,
0.9373,-0.3027,-0.1728,0.590204,,,,,,,
-0.0303,0.4232,-0.9055,-0.156765,,,,,,,
0,0,0,1,,,,,,,
-0.2985,-0.7557,-0.5829,0.684818,-3,,,,,,
0.2802,-0.6532,0.7034,0.75943,,,,,,,
-0.9124,0.0466,0.4067,1.253746,,,,,,,
0,0,0,1,,,,,,,
0.5599,-0.2898,-0.7762,1.011902,-3,,,,,,
-0.7397,-0.5969,-0.3107,-0.059263,,,,,,,
-0.3733,0.7481,-0.5486,-0.032888,,,,,,,
0,0,0,1,,,,,,,
0.2141,0.8575,-0.4678,0.324875,-3,,,,,,
0.5716,0.2784,0.7719,0.964677,,,,,,,
0.7921,-0.4327,-0.4305,0.242024,,,,,,,
0,0,0,1,,,,,,,
0.8007,0.2029,0.5637,1.125313,-3,,,,,,
0.5374,-0.6591,-0.5261,0.095914,,,,,,,
0.2648,0.7242,-0.6368,-0.103545,,,,,,,
0,0,0,1,,,,,,,
0.7587,-0.3356,0.5584,1.501376,-3,,,,,,
-0.0871,-0.9017,-0.4236,0.188132,,,,,,,
0.6456,0.2727,-0.7133,-0.279661,,,,,,,
0,0,0,1,,,,,,,
0.3218,0.9405,0.1087,1.001255,-3,,,,,,
0.5461,-0.2782,0.7902,0.673942,,,,,,,
0.7735,-0.195,-0.6031,0.361153,,,,,,,
0,0,0,1,,,,,,,
0.3362,0.5645,-0.7539,0.083341,-3,,,,,,
0.8709,0.1183,0.4769,0.193573,,,,,,,
0.3584,-0.8169,-0.4519,0.522172,,,,,,,
0,0,0,1,,,,,,,
-0.4468,0.7189,0.5324,1.181378,-3,,,,,,
0.8362,0.5471,-0.037,0.378186,,,,,,,
-0.3179,0.4287,-0.8457,-0.277763,,,,,,,
0,0,0,1,,,,,,,
0.6987,0.6026,-0.3857,0.586395,-3,,,,,,
0.6545,-0.756,0.0045,0.255309,,,,,,,
-0.2889,-0.2556,-0.9226,0.215229,,,,,,,
0,0,0,1,,,,,,,
0.9204,0.2258,0.3193,1.385958,-3,,,,,,
-0.019,-0.7897,0.6132,0.699747,,,,,,,
0.3906,-0.5704,-0.7225,0.196713,,,,,,,
0,0,0,1,,,,,,,
-0.7583,0.5902,-0.2768,0.241593,-3,,,,,,
-0.1971,0.1972,0.9603,0.525525,,,,,,,
0.6213,0.7828,-0.0332,0.772511,,,,,,,
0,0,0,1,,,,,,,
-0.3551,0.1529,-0.9222,-0.102691,-3,,,,,,
-0.5953,0.7237,0.3492,0.163697,,,,,,,
0.7208,0.673,-0.1659,0.583115,,,,,,,
0,0,0,1,,,,,,,
0.9746,-0.2202,0.0408,0.616565,-3,,,,,,
-0.1983,-0.7637,0.6143,0.247476,,,,,,,
-0.1041,-0.6068,-0.788,-0.207216,,,,,,,
0,0,0,1,,,,,,,
-0.6699,0.242,-0.7019,0.179911,-3,,,,,,
0.6307,0.6842,-0.3661,-0.115235,,,,,,,
0.3916,-0.688,-0.611,0.552874,,,,,,,
0,0,0,1,,,,,,,
-0.2497,-0.5231,-0.8148,0.32711,-3,,,,,,
-0.6668,-0.5173,0.5365,0.904912,,,,,,,
-0.7022,0.6773,-0.2196,0.60266,,,,,,,
0,0,0,1,,,,,,,
-0.91,0.191,0.368,0.736049,-3,,,,,,
0.4118,0.5192,0.7489,0.296943,,,,,,,
-0.048,0.833,-0.5512,-0.136809,,,,,,,
0,0,0,1,,,,,,,
-0.899,0.352,0.2604,0.517351,-3,,,,,,
0.4188,0.8648,0.277,0.278547,,,,,,,
-0.1277,0.3581,-0.9249,-0.256274,,,,,,,
0,0,0,1,,,,,,,
-0.4002,0.8572,0.324,0.737248,-3,,,,,,
-0.1652,-0.4152,0.8946,0.922285,,,,,,,
0.9014,0.3045,0.3077,1.06455,,,,,,,
0,0,0,1,,,,,,,
0.2969,0.1442,0.944,1.487182,-3,,,,,,
0.743,-0.6559,-0.1335,0.142826,,,,,,,
0.5999,0.741,-0.3018,0.540925,,,,,,,
0,0,0,1,,,,,,,
-0.4573,0.2767,-0.8452,0.169723,-3,,,,,,
-0.3084,0.8421,0.4425,0.373586,,,,,,,
0.8341,0.463,-0.2997,0.741272,,,,,,,
0,0,0,1,,,,,,,
0.9092,-0.2646,0.3213,0.601971,-3,,,,,,
-0.4117,-0.686,0.5999,0.3754,,,,,,,
0.0617,-0.6777,-0.7327,0.048397,,,,,,,
0,0,0,1,,,,,,,
0.7441,-0.6666,-0.044,1.225161,-3,,,,,,
-0.5276,-0.6267,0.5735,0.406585,,,,,,,
-0.4098,-0.4035,-0.8181,0.367469,,,,,,,
0,0,0,1,,,,,,,
-0.6243,-0.5592,0.5455,1.435244,-3,,,,,,
-0.6555,0.7548,0.0236,0.199383,,,,,,,
-0.425,-0.3428,-0.8378,0.243054,,,,,,,
0,0,0,1,,,,,,,
0.8069,0.201,-0.5554,0.269025,-3,,,,,,
0.037,-0.9557,-0.2922,0.454472,,,,,,,
-0.5895,0.2152,-0.7786,-0.156312,,,,,,,
0,0,0,1,,,,,,,
-0.6578,0.4205,-0.6249,0.183591,-3,,,,,,
-0.6933,-0.6624,0.2839,0.421107,,,,,,,
-0.2945,0.62,0.7272,1.276777,,,,,,,
0,0,0,1,,,,,,,
-0.4447,-0.8873,0.122,1.238726,-3,,,,,,
-0.688,0.4256,0.5877,0.704661,,,,,,,
-0.5734,0.1775,-0.7998,-0.015616,,,,,,,
0,0,0,1,,,,,,,
-0.6306,-0.7619,0.1476,0.939141,-3,,,,,,
-0.256,0.3838,0.8872,1.036815,,,,,,,
-0.7327,0.5217,-0.437,0.44385,,,,,,,
0,0,0,1,,,,,,,
0.0152,-0.3279,-0.9446,-0.18131,-3,,,,,,
-0.9615,-0.2642,0.0762,0.383699,,,,,,,
-0.2745,0.907,-0.3193,0.331491,,,,,,,
0,0,0,1,,,,,,,
0.0567,-0.9594,0.2765,1.497991,-3,,,,,,
-0.6924,-0.2373,-0.6814,0.00404,,,,,,,
0.7193,-0.1528,-0.6777,-0.260066,,,,,,,
0,0,0,1,,,,,,,
0.0798,0.8867,0.4555,1.196751,-3,,,,,,
0.9616,-0.1889,0.1991,0.792182,,,,,,,
0.2626,0.4221,-0.8677,-0.243388,,,,,,,
0,0,0,1,,,,,,,
0.0914,0.9919,0.0886,0.502094,-3,,,,,,
0.7765,-0.0153,-0.6299,-0.047223,,,,,,,
-0.6234,0.1264,-0.7716,-0.135827,,,,,,,
0,0,0,1,,,,,,,
0.0185,-0.3643,-0.9311,0.320891,-3,,,,,,
0.3697,-0.8628,0.3449,0.359091,,,,,,,
-0.929,-0.3506,0.1188,0.837146,,,,,,,
0,0,0,1,,,,,,,
0.1556,-0.8603,0.4854,0.990858,-3,,,,,,
-0.2315,0.4459,0.8646,1.083655,,,,,,,
-0.9603,-0.2469,-0.1298,0.369162,,,,,,,
0,0,0,1,,,,,,,
-0.8463,0.1812,-0.501,0.592158,-3,,,,,,
-0.4835,0.1337,0.8651,0.912242,,,,,,,
0.2237,0.9743,-0.0256,0.868984,,,,,,,
0,0,0,1,,,,,,,
-0.0871,0.9956,-0.0348,0.778737,-3,,,,,,
0.6895,0.0855,0.7192,0.471769,,,,,,,
0.719,0.0387,-0.6939,0.546728,,,,,,,
0,0,0,1,,,,,,,
-0.7265,0.5548,0.4055,1.328073,-3,,,,,,
0.5466,0.8241,-0.1483,0.55384,,,,,,,
-0.4164,0.1139,-0.902,-0.203804,,,,,,,
0,0,0,1,,,,,,,
0.6811,0.3197,-0.6587,0.161088,-3,,,,,,
-0.217,0.9474,0.2353,0.09514,,,,,,,
0.6992,-0.0173,0.7147,1.318747,,,,,,,
0,0,0,1,,,,,,,
-0.8741,0.4728,0.1118,0.727697,-3,,,,,,
0.3212,0.735,-0.5972,-0.103596,,,,,,,
-0.3645,-0.4861,-0.7943,0.157488,,,,,,,
0,0,0,1,,,,,,,
0.256,-0.7611,0.5959,1.032138,-3,,,,,,
-0.2442,0.5455,0.8017,0.69011,,,,,,,
-0.9353,-0.3508,-0.0462,0.962231,,,,,,,
0,0,0,1,,,,,,,
0.8091,-0.4081,-0.4227,0.492392,-3,,,,,,
0.582,0.4576,0.6722,0.563052,,,,,,,
-0.0809,-0.7899,0.6078,1.370308,,,,,,,
0,0,0,1,,,,,,,
0.9895,-0.0773,-0.1222,0.36317,1,-0.438093,-0.979823,1.22173,0.727726,0.00330053,0.374007
0.1443,0.4718,0.8698,0.789805,,,,,,,
-0.0095,-0.8783,0.478,1.053437,,,,,,,
0,0,0,1,,,,,,,
0.3989,0.5531,-0.7314,0.604419,-3,,,,,,
-0.2344,0.8326,0.5018,0.256953,,,,,,,
0.8865,-0.0287,0.4618,1.138419,,,,,,,
0,0,0,1,,,,,,,
-0.7586,-0.5927,-0.2707,0.735574,-3,,,,,,
-0.6483,0.7283,0.222,0.860548,,,,,,,
0.0656,0.3439,-0.9367,-0.016052,,,,,,,
0,0,0,1,,,,,,,
-0.5334,-0.6623,-0.5262,0.295823,-3,,,,,,
-0.1817,-0.5178,0.836,0.710637,,,,,,,
-0.8261,0.5415,0.1559,1.036282,,,,,,,
0,0,0,1,,,,,,,
-0.05,0.9903,-0.1298,0.362751,-3,,,,,,
0.5749,0.1349,0.807,0.650197,,,,,,,
0.8167,-0.0343,-0.5761,0.475883,,,,,,,
0,0,0,1,,,,,,,
0.2463,0.7941,-0.5556,0.69072,-3,,,,,,
0.7704,-0.5083,-0.3849,0.326147,,,,,,,
-0.5881,-0.3332,-0.737,-0.041842,,,,,,,
0,0,0,1,,,,,,,
-0.3376,-0.5791,-0.7421,0.52763,-3,,,,,,
0.3658,-0.8071,0.4634,0.843013,,,,,,,
-0.8673,-0.115,0.4843,1.143783,,,,,,,
0,0,0,1,,,,,,,
-0.6379,0.3436,0.6893,1.082069,-3,,,,,,
0.7391,0.0214,0.6733,0.847368,,,,,,,
0.2165,0.9389,-0.2676,0.736243,,,,,,,
0,0,0,1,,,,,,,
0.0788,0.5539,-0.8288,-0.182296,-3,,,,,,
0.2525,0.7932,0.5541,0.37682,,,,,,,
0.9644,-0.2529,-0.0774,0.375468,,,,,,,
0,0,0,1,,,,,,,
0.8939,-0.4277,-0.1343,0.973616,-3,,,,,,
-0.3581,-0.5011,-0.7878,0.066613,,,,,,,
0.2697,0.7523,-0.6011,-0.140059,,,,,,,
0,0,0,1,,,,,,,
0.8321,0.5391,-0.1303,1.210281,-3,,,,,,
0.3992,-0.7452,-0.5341,0.022275,,,,,,,
-0.3851,0.3924,-0.8353,-0.051115,,,,,,,
0,0,0,1,,,,,,,
0.0344,-0.9994,0.0073,1.500122,-3,,,,,,
-0.988,-0.0351,-0.1506,0.038704,,,,,,,
0.1507,-0.002,-0.9886,-0.20965,,,,,,,
